# E = 1.5
# x, V(x), E + psi, E + |psi|^2
-5.000000e+00, 1.250000e+01, 1.500033e+00, 1.500000e+00
-4.989990e+00, 1.245000e+01, 1.500034e+00, 1.500000e+00
-4.979980e+00, 1.240010e+01, 1.500034e+00, 1.500000e+00
-4.969970e+00, 1.235030e+01, 1.500035e+00, 1.500000e+00
-4.959960e+00, 1.230060e+01, 1.500035e+00, 1.500000e+00
-4.949950e+00, 1.225100e+01, 1.500036e+00, 1.500000e+00
-4.939940e+00, 1.220150e+01, 1.500037e+00, 1.500000e+00
-4.929930e+00, 1.215210e+01, 1.500037e+00, 1.500000e+00
-4.919920e+00, 1.210281e+01, 1.500038e+00, 1.500000e+00
-4.909910e+00, 1.205361e+01, 1.500039e+00, 1.500000e+00
-4.899900e+00, 1.200451e+01, 1.500040e+00, 1.500000e+00
-4.889890e+00, 1.195551e+01, 1.500042e+00, 1.500000e+00
-4.879880e+00, 1.190661e+01, 1.500043e+00, 1.500000e+00
-4.869870e+00, 1.185782e+01, 1.500044e+00, 1.500000e+00
-4.859860e+00, 1.180912e+01, 1.500046e+00, 1.500000e+00
-4.849850e+00, 1.176052e+01, 1.500047e+00, 1.500000e+00
-4.839840e+00, 1.171202e+01, 1.500049e+00, 1.500000e+00
-4.829830e+00, 1.166363e+01, 1.500050e+00, 1.500000e+00
-4.819820e+00, 1.161533e+01, 1.500052e+00, 1.500000e+00
-4.809810e+00, 1.156714e+01, 1.500054e+00, 1.500000e+00
-4.799800e+00, 1.151904e+01, 1.500056e+00, 1.500000e+00
-4.789790e+00, 1.147104e+01, 1.500058e+00, 1.500000e+00
-4.779780e+00, 1.142315e+01, 1.500061e+00, 1.500000e+00
-4.769770e+00, 1.137535e+01, 1.500063e+00, 1.500000e+00
-4.759760e+00, 1.132766e+01, 1.500065e+00, 1.500000e+00
-4.749750e+00, 1.128006e+01, 1.500068e+00, 1.500000e+00
-4.739740e+00, 1.123257e+01, 1.500071e+00, 1.500000e+00
-4.729730e+00, 1.118517e+01, 1.500074e+00, 1.500000e+00
-4.719720e+00, 1.113788e+01, 1.500077e+00, 1.500000e+00
-4.709710e+00, 1.109068e+01, 1.500080e+00, 1.500000e+00
-4.699700e+00, 1.104359e+01, 1.500083e+00, 1.500000e+00
-4.689690e+00, 1.099659e+01, 1.500087e+00, 1.500000e+00
-4.679680e+00, 1.094970e+01, 1.500091e+00, 1.500000e+00
-4.669670e+00, 1.090291e+01, 1.500094e+00, 1.500000e+00
-4.659660e+00, 1.085621e+01, 1.500098e+00, 1.500000e+00
-4.649650e+00, 1.080962e+01, 1.500103e+00, 1.500000e+00
-4.639640e+00, 1.076313e+01, 1.500107e+00, 1.500000e+00
-4.629630e+00, 1.071674e+01, 1.500112e+00, 1.500000e+00
-4.619620e+00, 1.067044e+01, 1.500117e+00, 1.500000e+00
-4.609610e+00, 1.062425e+01, 1.500122e+00, 1.500000e+00
-4.599600e+00, 1.057816e+01, 1.500127e+00, 1.500000e+00
-4.589590e+00, 1.053217e+01, 1.500132e+00, 1.500000e+00
-4.579580e+00, 1.048627e+01, 1.500138e+00, 1.500000e+00
-4.569570e+00, 1.044048e+01, 1.500144e+00, 1.500000e+00
-4.559560e+00, 1.039479e+01, 1.500150e+00, 1.500000e+00
-4.549550e+00, 1.034920e+01, 1.500157e+00, 1.500000e+00
-4.539540e+00, 1.030371e+01, 1.500163e+00, 1.500000e+00
-4.529530e+00, 1.025832e+01, 1.500170e+00, 1.500000e+00
-4.519520e+00, 1.021303e+01, 1.500178e+00, 1.500000e+00
-4.509510e+00, 1.016784e+01, 1.500186e+00, 1.500000e+00
-4.499499e+00, 1.012275e+01, 1.500194e+00, 1.500000e+00
-4.489489e+00, 1.007776e+01, 1.500202e+00, 1.500000e+00
-4.479479e+00, 1.003287e+01, 1.500210e+00, 1.500000e+00
-4.469469e+00, 9.988079e+00, 1.500220e+00, 1.500000e+00
-4.459459e+00, 9.943389e+00, 1.500229e+00, 1.500000e+00
-4.449449e+00, 9.898800e+00, 1.500239e+00, 1.500000e+00
-4.439439e+00, 9.854311e+00, 1.500249e+00, 1.500000e+00
-4.429429e+00, 9.809923e+00, 1.500260e+00, 1.500000e+00
-4.419419e+00, 9.765634e+00, 1.500271e+00, 1.500000e+00
-4.409409e+00, 9.721446e+00, 1.500282e+00, 1.500000e+00
-4.399399e+00, 9.677358e+00, 1.500294e+00, 1.500000e+00
-4.389389e+00, 9.633370e+00, 1.500306e+00, 1.500000e+00
-4.379379e+00, 9.589482e+00, 1.500319e+00, 1.500000e+00
-4.369369e+00, 9.545694e+00, 1.500333e+00, 1.500000e+00
-4.359359e+00, 9.502007e+00, 1.500347e+00, 1.500000e+00
-4.349349e+00, 9.458420e+00, 1.500361e+00, 1.500000e+00
-4.339339e+00, 9.414933e+00, 1.500377e+00, 1.500000e+00
-4.329329e+00, 9.371546e+00, 1.500392e+00, 1.500000e+00
-4.319319e+00, 9.328260e+00, 1.500409e+00, 1.500000e+00
-4.309309e+00, 9.285073e+00, 1.500426e+00, 1.500000e+00
-4.299299e+00, 9.241987e+00, 1.500443e+00, 1.500000e+00
-4.289289e+00, 9.199001e+00, 1.500462e+00, 1.500000e+00
-4.279279e+00, 9.156116e+00, 1.500481e+00, 1.500000e+00
-4.269269e+00, 9.113330e+00, 1.500500e+00, 1.500000e+00
-4.259259e+00, 9.070645e+00, 1.500521e+00, 1.500000e+00
-4.249249e+00, 9.028060e+00, 1.500542e+00, 1.500000e+00
-4.239239e+00, 8.985575e+00, 1.500564e+00, 1.500000e+00
-4.229229e+00, 8.943190e+00, 1.500587e+00, 1.500000e+00
-4.219219e+00, 8.900905e+00, 1.500611e+00, 1.500000e+00
-4.209209e+00, 8.858721e+00, 1.500636e+00, 1.500000e+00
-4.199199e+00, 8.816637e+00, 1.500662e+00, 1.500000e+00
-4.189189e+00, 8.774653e+00, 1.500688e+00, 1.500000e+00
-4.179179e+00, 8.732769e+00, 1.500716e+00, 1.500001e+00
-4.169169e+00, 8.690986e+00, 1.500745e+00, 1.500001e+00
-4.159159e+00, 8.649302e+00, 1.500775e+00, 1.500001e+00
-4.149149e+00, 8.607719e+00, 1.500806e+00, 1.500001e+00
-4.139139e+00, 8.566236e+00, 1.500838e+00, 1.500001e+00
-4.129129e+00, 8.524854e+00, 1.500871e+00, 1.500001e+00
-4.119119e+00, 8.483571e+00, 1.500905e+00, 1.500001e+00
-4.109109e+00, 8.442389e+00, 1.500941e+00, 1.500001e+00
-4.099099e+00, 8.401307e+00, 1.500978e+00, 1.500001e+00
-4.089089e+00, 8.360325e+00, 1.501017e+00, 1.500001e+00
-4.079079e+00, 8.319443e+00, 1.501056e+00, 1.500001e+00
-4.069069e+00, 8.278662e+00, 1.501098e+00, 1.500001e+00
-4.059059e+00, 8.237980e+00, 1.501140e+00, 1.500001e+00
-4.049049e+00, 8.197399e+00, 1.501185e+00, 1.500001e+00
-4.039039e+00, 8.156918e+00, 1.501231e+00, 1.500002e+00
-4.029029e+00, 8.116537e+00, 1.501278e+00, 1.500002e+00
-4.019019e+00, 8.076257e+00, 1.501327e+00, 1.500002e+00
-4.009009e+00, 8.036077e+00, 1.501378e+00, 1.500002e+00
-3.998999e+00, 7.995996e+00, 1.501431e+00, 1.500002e+00
-3.988989e+00, 7.956017e+00, 1.501486e+00, 1.500002e+00
-3.978979e+00, 7.916137e+00, 1.501542e+00, 1.500002e+00
-3.968969e+00, 7.876357e+00, 1.501601e+00, 1.500003e+00
-3.958959e+00, 7.836678e+00, 1.501661e+00, 1.500003e+00
-3.948949e+00, 7.797099e+00, 1.501724e+00, 1.500003e+00
-3.938939e+00, 7.757620e+00, 1.501789e+00, 1.500003e+00
-3.928929e+00, 7.718241e+00, 1.501856e+00, 1.500003e+00
-3.918919e+00, 7.678963e+00, 1.501925e+00, 1.500004e+00
-3.908909e+00, 7.639784e+00, 1.501997e+00, 1.500004e+00
-3.898899e+00, 7.600706e+00, 1.502071e+00, 1.500004e+00
-3.888889e+00, 7.561728e+00, 1.502148e+00, 1.500005e+00
-3.878879e+00, 7.522851e+00, 1.502228e+00, 1.500005e+00
-3.868869e+00, 7.484073e+00, 1.502310e+00, 1.500005e+00
-3.858859e+00, 7.445396e+00, 1.502395e+00, 1.500006e+00
-3.848849e+00, 7.406819e+00, 1.502482e+00, 1.500006e+00
-3.838839e+00, 7.368342e+00, 1.502573e+00, 1.500007e+00
-3.828829e+00, 7.329965e+00, 1.502667e+00, 1.500007e+00
-3.818819e+00, 7.291689e+00, 1.502763e+00, 1.500008e+00
-3.808809e+00, 7.253512e+00, 1.502863e+00, 1.500008e+00
-3.798799e+00, 7.215436e+00, 1.502967e+00, 1.500009e+00
-3.788789e+00, 7.177460e+00, 1.503073e+00, 1.500009e+00
-3.778779e+00, 7.139585e+00, 1.503184e+00, 1.500010e+00
-3.768769e+00, 7.101809e+00, 1.503297e+00, 1.500011e+00
-3.758759e+00, 7.064134e+00, 1.503415e+00, 1.500012e+00
-3.748749e+00, 7.026559e+00, 1.503536e+00, 1.500013e+00
-3.738739e+00, 6.989084e+00, 1.503661e+00, 1.500013e+00
-3.728729e+00, 6.951709e+00, 1.503791e+00, 1.500014e+00
-3.718719e+00, 6.914434e+00, 1.503924e+00, 1.500015e+00
-3.708709e+00, 6.877260e+00, 1.504062e+00, 1.500016e+00
-3.698699e+00, 6.840186e+00, 1.504204e+00, 1.500018e+00
-3.688689e+00, 6.803212e+00, 1.504350e+00, 1.500019e+00
-3.678679e+00, 6.766338e+00, 1.504501e+00, 1.500020e+00
-3.668669e+00, 6.729565e+00, 1.504657e+00, 1.500022e+00
-3.658659e+00, 6.692892e+00, 1.504818e+00, 1.500023e+00
-3.648649e+00, 6.656318e+00, 1.504984e+00, 1.500025e+00
-3.638639e+00, 6.619846e+00, 1.505155e+00, 1.500027e+00
-3.628629e+00, 6.583473e+00, 1.505331e+00, 1.500028e+00
-3.618619e+00, 6.547200e+00, 1.505513e+00, 1.500030e+00
-3.608609e+00, 6.511028e+00, 1.505700e+00, 1.500032e+00
-3.598599e+00, 6.474956e+00, 1.505893e+00, 1.500035e+00
-3.588589e+00, 6.438984e+00, 1.506092e+00, 1.500037e+00
-3.578579e+00, 6.403112e+00, 1.506297e+00, 1.500040e+00
-3.568569e+00, 6.367341e+00, 1.506508e+00, 1.500042e+00
-3.558559e+00, 6.331670e+00, 1.506725e+00, 1.500045e+00
-3.548549e+00, 6.296098e+00, 1.506949e+00, 1.500048e+00
-3.538539e+00, 6.260627e+00, 1.507180e+00, 1.500052e+00
-3.528529e+00, 6.225257e+00, 1.507417e+00, 1.500055e+00
-3.518519e+00, 6.189986e+00, 1.507661e+00, 1.500059e+00
-3.508509e+00, 6.154816e+00, 1.507913e+00, 1.500063e+00
-3.498498e+00, 6.119746e+00, 1.508172e+00, 1.500067e+00
-3.488488e+00, 6.084776e+00, 1.508439e+00, 1.500071e+00
-3.478478e+00, 6.049906e+00, 1.508713e+00, 1.500076e+00
-3.468468e+00, 6.015137e+00, 1.508996e+00, 1.500081e+00
-3.458458e+00, 5.980467e+00, 1.509286e+00, 1.500086e+00
-3.448448e+00, 5.945898e+00, 1.509585e+00, 1.500092e+00
-3.438438e+00, 5.911429e+00, 1.509892e+00, 1.500098e+00
-3.428428e+00, 5.877061e+00, 1.510208e+00, 1.500104e+00
-3.418418e+00, 5.842792e+00, 1.510533e+00, 1.500111e+00
-3.408408e+00, 5.808624e+00, 1.510867e+00, 1.500118e+00
-3.398398e+00, 5.774556e+00, 1.511211e+00, 1.500126e+00
-3.388388e+00, 5.740588e+00, 1.511564e+00, 1.500134e+00
-3.378378e+00, 5.706720e+00, 1.511927e+00, 1.500142e+00
-3.368368e+00, 5.672953e+00, 1.512300e+00, 1.500151e+00
-3.358358e+00, 5.639285e+00, 1.512684e+00, 1.500161e+00
-3.348348e+00, 5.605718e+00, 1.513078e+00, 1.500171e+00
-3.338338e+00, 5.572251e+00, 1.513482e+00, 1.500182e+00
-3.328328e+00, 5.538885e+00, 1.513898e+00, 1.500193e+00
-3.318318e+00, 5.505618e+00, 1.514325e+00, 1.500205e+00
-3.308308e+00, 5.472452e+00, 1.514763e+00, 1.500218e+00
-3.298298e+00, 5.439386e+00, 1.515213e+00, 1.500231e+00
-3.288288e+00, 5.406420e+00, 1.515675e+00, 1.500246e+00
-3.278278e+00, 5.373554e+00, 1.516150e+00, 1.500261e+00
-3.268268e+00, 5.340789e+00, 1.516637e+00, 1.500277e+00
-3.258258e+00, 5.308123e+00, 1.517137e+00, 1.500294e+00
-3.248248e+00, 5.275558e+00, 1.517649e+00, 1.500312e+00
-3.238238e+00, 5.243093e+00, 1.518176e+00, 1.500330e+00
-3.228228e+00, 5.210729e+00, 1.518716e+00, 1.500350e+00
-3.218218e+00, 5.178464e+00, 1.519269e+00, 1.500371e+00
-3.208208e+00, 5.146300e+00, 1.519837e+00, 1.500394e+00
-3.198198e+00, 5.114236e+00, 1.520420e+00, 1.500417e+00
-3.188188e+00, 5.082272e+00, 1.521017e+00, 1.500442e+00
-3.178178e+00, 5.050408e+00, 1.521629e+00, 1.500468e+00
-3.168168e+00, 5.018645e+00, 1.522257e+00, 1.500495e+00
-3.158158e+00, 4.986981e+00, 1.522900e+00, 1.500524e+00
-3.148148e+00, 4.955418e+00, 1.523560e+00, 1.500555e+00
-3.138138e+00, 4.923955e+00, 1.524236e+00, 1.500587e+00
-3.128128e+00, 4.892593e+00, 1.524928e+00, 1.500621e+00
-3.118118e+00, 4.861330e+00, 1.525637e+00, 1.500657e+00
-3.108108e+00, 4.830168e+00, 1.526364e+00, 1.500695e+00
-3.098098e+00, 4.799106e+00, 1.527108e+00, 1.500735e+00
-3.088088e+00, 4.768144e+00, 1.527870e+00, 1.500777e+00
-3.078078e+00, 4.737282e+00, 1.528650e+00, 1.500821e+00
-3.068068e+00, 4.706521e+00, 1.529449e+00, 1.500867e+00
-3.058058e+00, 4.675860e+00, 1.530267e+00, 1.500916e+00
-3.048048e+00, 4.645298e+00, 1.531104e+00, 1.500967e+00
-3.038038e+00, 4.614838e+00, 1.531961e+00, 1.501022e+00
-3.028028e+00, 4.584477e+00, 1.532838e+00, 1.501078e+00
-3.018018e+00, 4.554216e+00, 1.533735e+00, 1.501138e+00
-3.008008e+00, 4.524056e+00, 1.534652e+00, 1.501201e+00
-2.997998e+00, 4.493996e+00, 1.535591e+00, 1.501267e+00
-2.987988e+00, 4.464036e+00, 1.536551e+00, 1.501336e+00
-2.977978e+00, 4.434176e+00, 1.537533e+00, 1.501409e+00
-2.967968e+00, 4.404417e+00, 1.538537e+00, 1.501485e+00
-2.957958e+00, 4.374758e+00, 1.539563e+00, 1.501565e+00
-2.947948e+00, 4.345199e+00, 1.540612e+00, 1.501649e+00
-2.937938e+00, 4.315740e+00, 1.541684e+00, 1.501738e+00
-2.927928e+00, 4.286381e+00, 1.542780e+00, 1.501830e+00
-2.917918e+00, 4.257122e+00, 1.543899e+00, 1.501927e+00
-2.907908e+00, 4.227964e+00, 1.545043e+00, 1.502029e+00
-2.897898e+00, 4.198906e+00, 1.546211e+00, 1.502135e+00
-2.887888e+00, 4.169948e+00, 1.547405e+00, 1.502247e+00
-2.877878e+00, 4.141091e+00, 1.548624e+00, 1.502364e+00
-2.867868e+00, 4.112333e+00, 1.549868e+00, 1.502487e+00
-2.857858e+00, 4.083676e+00, 1.551139e+00, 1.502615e+00
-2.847848e+00, 4.055119e+00, 1.552436e+00, 1.502750e+00
-2.837838e+00, 4.026662e+00, 1.553760e+00, 1.502890e+00
-2.827828e+00, 3.998305e+00, 1.555111e+00, 1.503037e+00
-2.817818e+00, 3.970049e+00, 1.556490e+00, 1.503191e+00
-2.807808e+00, 3.941892e+00, 1.557897e+00, 1.503352e+00
-2.797798e+00, 3.913836e+00, 1.559332e+00, 1.503520e+00
-2.787788e+00, 3.885880e+00, 1.560795e+00, 1.503696e+00
-2.777778e+00, 3.858025e+00, 1.562288e+00, 1.503880e+00
-2.767768e+00, 3.830269e+00, 1.563811e+00, 1.504072e+00
-2.757758e+00, 3.802614e+00, 1.565363e+00, 1.504272e+00
-2.747748e+00, 3.775059e+00, 1.566945e+00, 1.504482e+00
-2.737738e+00, 3.747604e+00, 1.568558e+00, 1.504700e+00
-2.727728e+00, 3.720249e+00, 1.570201e+00, 1.504928e+00
-2.717718e+00, 3.692995e+00, 1.571876e+00, 1.505166e+00
-2.707708e+00, 3.665841e+00, 1.573583e+00, 1.505414e+00
-2.697698e+00, 3.638786e+00, 1.575321e+00, 1.505673e+00
-2.687688e+00, 3.611833e+00, 1.577092e+00, 1.505943e+00
-2.677678e+00, 3.584979e+00, 1.578895e+00, 1.506224e+00
-2.667668e+00, 3.558225e+00, 1.580731e+00, 1.506518e+00
-2.657658e+00, 3.531572e+00, 1.582601e+00, 1.506823e+00
-2.647648e+00, 3.505019e+00, 1.584504e+00, 1.507141e+00
-2.637638e+00, 3.478566e+00, 1.586441e+00, 1.507472e+00
-2.627628e+00, 3.452213e+00, 1.588413e+00, 1.507817e+00
-2.617618e+00, 3.425961e+00, 1.590419e+00, 1.508176e+00
-2.607608e+00, 3.399809e+00, 1.592460e+00, 1.508549e+00
-2.597598e+00, 3.373757e+00, 1.594536e+00, 1.508937e+00
-2.587588e+00, 3.347805e+00, 1.596647e+00, 1.509341e+00
-2.577578e+00, 3.321953e+00, 1.598795e+00, 1.509760e+00
-2.567568e+00, 3.296202e+00, 1.600978e+00, 1.510197e+00
-2.557558e+00, 3.270550e+00, 1.603198e+00, 1.510650e+00
-2.547548e+00, 3.244999e+00, 1.605454e+00, 1.511121e+00
-2.537538e+00, 3.219548e+00, 1.607748e+00, 1.511610e+00
-2.527528e+00, 3.194198e+00, 1.610078e+00, 1.512117e+00
-2.517518e+00, 3.168947e+00, 1.612446e+00, 1.512644e+00
-2.507508e+00, 3.143797e+00, 1.614851e+00, 1.513191e+00
-2.497497e+00, 3.118747e+00, 1.617295e+00, 1.513758e+00
-2.487487e+00, 3.093797e+00, 1.619776e+00, 1.514346e+00
-2.477477e+00, 3.068947e+00, 1.622295e+00, 1.514956e+00
-2.467467e+00, 3.044198e+00, 1.624853e+00, 1.515588e+00
-2.457457e+00, 3.019549e+00, 1.627450e+00, 1.516244e+00
-2.447447e+00, 2.995000e+00, 1.630086e+00, 1.516922e+00
-2.437437e+00, 2.970551e+00, 1.632760e+00, 1.517625e+00
-2.427427e+00, 2.946202e+00, 1.635474e+00, 1.518353e+00
-2.417417e+00, 2.921953e+00, 1.638226e+00, 1.519107e+00
-2.407407e+00, 2.897805e+00, 1.641019e+00, 1.519886e+00
-2.397397e+00, 2.873757e+00, 1.643850e+00, 1.520693e+00
-2.387387e+00, 2.849809e+00, 1.646722e+00, 1.521527e+00
-2.377377e+00, 2.825962e+00, 1.649633e+00, 1.522390e+00
-2.367367e+00, 2.802214e+00, 1.652583e+00, 1.523282e+00
-2.357357e+00, 2.778567e+00, 1.655574e+00, 1.524203e+00
-2.347347e+00, 2.755020e+00, 1.658604e+00, 1.525155e+00
-2.337337e+00, 2.731573e+00, 1.661675e+00, 1.526139e+00
-2.327327e+00, 2.708226e+00, 1.664785e+00, 1.527154e+00
-2.317317e+00, 2.684980e+00, 1.667935e+00, 1.528202e+00
-2.307307e+00, 2.661834e+00, 1.671125e+00, 1.529284e+00
-2.297297e+00, 2.638787e+00, 1.674355e+00, 1.530400e+00
-2.287287e+00, 2.615842e+00, 1.677624e+00, 1.531550e+00
-2.277277e+00, 2.592996e+00, 1.680934e+00, 1.532737e+00
-2.267267e+00, 2.570250e+00, 1.684283e+00, 1.533960e+00
-2.257257e+00, 2.547605e+00, 1.687671e+00, 1.535220e+00
-2.247247e+00, 2.525060e+00, 1.691099e+00, 1.536519e+00
-2.237237e+00, 2.502615e+00, 1.694566e+00, 1.537856e+00
-2.227227e+00, 2.480271e+00, 1.698073e+00, 1.539233e+00
-2.217217e+00, 2.458026e+00, 1.701618e+00, 1.540650e+00
-2.207207e+00, 2.435882e+00, 1.705202e+00, 1.542108e+00
-2.197197e+00, 2.413838e+00, 1.708824e+00, 1.543607e+00
-2.187187e+00, 2.391894e+00, 1.712484e+00, 1.545150e+00
-2.177177e+00, 2.370050e+00, 1.716183e+00, 1.546735e+00
-2.167167e+00, 2.348307e+00, 1.719919e+00, 1.548364e+00
-2.157157e+00, 2.326664e+00, 1.723693e+00, 1.550039e+00
-2.147147e+00, 2.305120e+00, 1.727504e+00, 1.551758e+00
-2.137137e+00, 2.283678e+00, 1.731351e+00, 1.553523e+00
-2.127127e+00, 2.262335e+00, 1.735235e+00, 1.555335e+00
-2.117117e+00, 2.241092e+00, 1.739154e+00, 1.557195e+00
-2.107107e+00, 2.219950e+00, 1.743110e+00, 1.559102e+00
-2.097097e+00, 2.198908e+00, 1.747100e+00, 1.561058e+00
-2.087087e+00, 2.177966e+00, 1.751125e+00, 1.563064e+00
-2.077077e+00, 2.157125e+00, 1.755184e+00, 1.565119e+00
-2.067067e+00, 2.136383e+00, 1.759276e+00, 1.567224e+00
-2.057057e+00, 2.115742e+00, 1.763402e+00, 1.569381e+00
-2.047047e+00, 2.095201e+00, 1.767560e+00, 1.571588e+00
-2.037037e+00, 2.074760e+00, 1.771750e+00, 1.573848e+00
-2.027027e+00, 2.054419e+00, 1.775971e+00, 1.576160e+00
-2.017017e+00, 2.034179e+00, 1.780223e+00, 1.578525e+00
-2.007007e+00, 2.014039e+00, 1.784505e+00, 1.580943e+00
-1.996997e+00, 1.993999e+00, 1.788817e+00, 1.583415e+00
-1.986987e+00, 1.974059e+00, 1.793157e+00, 1.585941e+00
-1.976977e+00, 1.954219e+00, 1.797524e+00, 1.588521e+00
-1.966967e+00, 1.934480e+00, 1.801919e+00, 1.591155e+00
-1.956957e+00, 1.914840e+00, 1.806340e+00, 1.593844e+00
-1.946947e+00, 1.895301e+00, 1.810787e+00, 1.596589e+00
-1.936937e+00, 1.875862e+00, 1.815258e+00, 1.599388e+00
-1.926927e+00, 1.856524e+00, 1.819753e+00, 1.602242e+00
-1.916917e+00, 1.837285e+00, 1.824271e+00, 1.605152e+00
-1.906907e+00, 1.818147e+00, 1.828811e+00, 1.608116e+00
-1.896897e+00, 1.799109e+00, 1.833371e+00, 1.611136e+00
-1.886887e+00, 1.780171e+00, 1.837952e+00, 1.614212e+00
-1.876877e+00, 1.761333e+00, 1.842552e+00, 1.617342e+00
-1.866867e+00, 1.742596e+00, 1.847169e+00, 1.620526e+00
-1.856857e+00, 1.723959e+00, 1.851804e+00, 1.623766e+00
-1.846847e+00, 1.705422e+00, 1.856454e+00, 1.627059e+00
-1.836837e+00, 1.686985e+00, 1.861119e+00, 1.630407e+00
-1.826827e+00, 1.668648e+00, 1.865797e+00, 1.633808e+00
-1.816817e+00, 1.650412e+00, 1.870488e+00, 1.637261e+00
-1.806807e+00, 1.632275e+00, 1.875190e+00, 1.640767e+00
-1.796797e+00, 1.614239e+00, 1.879902e+00, 1.644325e+00
-1.786787e+00, 1.596304e+00, 1.884622e+00, 1.647934e+00
-1.776777e+00, 1.578468e+00, 1.889350e+00, 1.651594e+00
-1.766767e+00, 1.560732e+00, 1.894084e+00, 1.655303e+00
-1.756757e+00, 1.543097e+00, 1.898823e+00, 1.659060e+00
-1.746747e+00, 1.525562e+00, 1.903566e+00, 1.662865e+00
-1.736737e+00, 1.508127e+00, 1.908310e+00, 1.666717e+00
-1.726727e+00, 1.490793e+00, 1.913055e+00, 1.670615e+00
-1.716717e+00, 1.473558e+00, 1.917800e+00, 1.674556e+00
-1.706707e+00, 1.456424e+00, 1.922542e+00, 1.678541e+00
-1.696697e+00, 1.439390e+00, 1.927280e+00, 1.682568e+00
-1.686687e+00, 1.422456e+00, 1.932013e+00, 1.686636e+00
-1.676677e+00, 1.405622e+00, 1.936740e+00, 1.690742e+00
-1.666667e+00, 1.388889e+00, 1.941458e+00, 1.694885e+00
-1.656657e+00, 1.372256e+00, 1.946167e+00, 1.699065e+00
-1.646647e+00, 1.355723e+00, 1.950864e+00, 1.703278e+00
-1.636637e+00, 1.339290e+00, 1.955547e+00, 1.707524e+00
-1.626627e+00, 1.322957e+00, 1.960217e+00, 1.711799e+00
-1.616617e+00, 1.306725e+00, 1.964870e+00, 1.716104e+00
-1.606607e+00, 1.290592e+00, 1.969505e+00, 1.720435e+00
-1.596597e+00, 1.274560e+00, 1.974120e+00, 1.724790e+00
-1.586587e+00, 1.258628e+00, 1.978714e+00, 1.729167e+00
-1.576577e+00, 1.242797e+00, 1.983284e+00, 1.733564e+00
-1.566567e+00, 1.227065e+00, 1.987830e+00, 1.737978e+00
-1.556557e+00, 1.211434e+00, 1.992349e+00, 1.742408e+00
-1.546547e+00, 1.195903e+00, 1.996840e+00, 1.746850e+00
-1.536537e+00, 1.180472e+00, 2.001300e+00, 1.751302e+00
-1.526527e+00, 1.165142e+00, 2.005728e+00, 1.755761e+00
-1.516517e+00, 1.149911e+00, 2.010123e+00, 1.760225e+00
-1.506507e+00, 1.134781e+00, 2.014481e+00, 1.764691e+00
-1.496496e+00, 1.119751e+00, 2.018802e+00, 1.769155e+00
-1.486486e+00, 1.104821e+00, 2.023083e+00, 1.773616e+00
-1.476476e+00, 1.089991e+00, 2.027323e+00, 1.778070e+00
-1.466466e+00, 1.075262e+00, 2.031520e+00, 1.782513e+00
-1.456456e+00, 1.060633e+00, 2.035671e+00, 1.786943e+00
-1.446446e+00, 1.046104e+00, 2.039775e+00, 1.791357e+00
-1.436436e+00, 1.031675e+00, 2.043830e+00, 1.795751e+00
-1.426426e+00, 1.017346e+00, 2.047834e+00, 1.800122e+00
-1.416416e+00, 1.003118e+00, 2.051785e+00, 1.804467e+00
-1.406406e+00, 9.889895e-01, 2.055681e+00, 1.808782e+00
-1.396396e+00, 9.749614e-01, 2.059520e+00, 1.813063e+00
-1.386386e+00, 9.610336e-01, 2.063301e+00, 1.817308e+00
-1.376376e+00, 9.472060e-01, 2.067020e+00, 1.821512e+00
-1.366366e+00, 9.334785e-01, 2.070677e+00, 1.825672e+00
-1.356356e+00, 9.198513e-01, 2.074269e+00, 1.829784e+00
-1.346346e+00, 9.063242e-01, 2.077794e+00, 1.833845e+00
-1.336336e+00, 8.928974e-01, 2.081250e+00, 1.837851e+00
-1.326326e+00, 8.795708e-01, 2.084636e+00, 1.841799e+00
-1.316316e+00, 8.663443e-01, 2.087948e+00, 1.845683e+00
-1.306306e+00, 8.532181e-01, 2.091187e+00, 1.849502e+00
-1.296296e+00, 8.401920e-01, 2.094348e+00, 1.853250e+00
-1.286286e+00, 8.272662e-01, 2.097431e+00, 1.856924e+00
-1.276276e+00, 8.144406e-01, 2.100434e+00, 1.860521e+00
-1.266266e+00, 8.017151e-01, 2.103354e+00, 1.864036e+00
-1.256256e+00, 7.890899e-01, 2.106189e+00, 1.867466e+00
-1.246246e+00, 7.765649e-01, 2.108939e+00, 1.870806e+00
-1.236236e+00, 7.641400e-01, 2.111600e+00, 1.874054e+00
-1.226226e+00, 7.518154e-01, 2.114170e+00, 1.877205e+00
-1.216216e+00, 7.395909e-01, 2.116649e+00, 1.880256e+00
-1.206206e+00, 7.274667e-01, 2.119034e+00, 1.883203e+00
-1.196196e+00, 7.154427e-01, 2.121323e+00, 1.886042e+00
-1.186186e+00, 7.035188e-01, 2.123514e+00, 1.888769e+00
-1.176176e+00, 6.916952e-01, 2.125605e+00, 1.891382e+00
-1.166166e+00, 6.799718e-01, 2.127596e+00, 1.893876e+00
-1.156156e+00, 6.683485e-01, 2.129483e+00, 1.896249e+00
-1.146146e+00, 6.568255e-01, 2.131265e+00, 1.898496e+00
-1.136136e+00, 6.454027e-01, 2.132941e+00, 1.900614e+00
-1.126126e+00, 6.340800e-01, 2.134508e+00, 1.902600e+00
-1.116116e+00, 6.228576e-01, 2.135965e+00, 1.904452e+00
-1.106106e+00, 6.117354e-01, 2.137310e+00, 1.906165e+00
-1.096096e+00, 6.007133e-01, 2.138542e+00, 1.907736e+00
-1.086086e+00, 5.897915e-01, 2.139659e+00, 1.909164e+00
-1.076076e+00, 5.789699e-01, 2.140659e+00, 1.910444e+00
-1.066066e+00, 5.682484e-01, 2.141541e+00, 1.911575e+00
-1.056056e+00, 5.576272e-01, 2.142303e+00, 1.912553e+00
-1.046046e+00, 5.471062e-01, 2.142944e+00, 1.913377e+00
-1.036036e+00, 5.366853e-01, 2.143462e+00, 1.914043e+00
-1.026026e+00, 5.263647e-01, 2.143856e+00, 1.914550e+00
-1.016016e+00, 5.161443e-01, 2.144124e+00, 1.914896e+00
-1.006006e+00, 5.060240e-01, 2.144265e+00, 1.915078e+00
-9.959960e-01, 4.960040e-01, 2.144278e+00, 1.915094e+00
-9.859860e-01, 4.860842e-01, 2.144161e+00, 1.914944e+00
-9.759760e-01, 4.762646e-01, 2.143914e+00, 1.914625e+00
-9.659660e-01, 4.665451e-01, 2.143534e+00, 1.914136e+00
-9.559560e-01, 4.569259e-01, 2.143021e+00, 1.913476e+00
-9.459459e-01, 4.474069e-01, 2.142373e+00, 1.912644e+00
-9.359359e-01, 4.379880e-01, 2.141590e+00, 1.911638e+00
-9.259259e-01, 4.286694e-01, 2.140671e+00, 1.910459e+00
-9.159159e-01, 4.194510e-01, 2.139614e+00, 1.909106e+00
-9.059059e-01, 4.103328e-01, 2.138418e+00, 1.907578e+00
-8.958959e-01, 4.013147e-01, 2.137083e+00, 1.905875e+00
-8.858859e-01, 3.923969e-01, 2.135608e+00, 1.903998e+00
-8.758759e-01, 3.835793e-01, 2.133992e+00, 1.901946e+00
-8.658659e-01, 3.748618e-01, 2.132234e+00, 1.899720e+00
-8.558559e-01, 3.662446e-01, 2.130333e+00, 1.897320e+00
-8.458458e-01, 3.577276e-01, 2.128289e+00, 1.894747e+00
-8.358358e-01, 3.493108e-01, 2.126102e+00, 1.892003e+00
-8.258258e-01, 3.409941e-01, 2.123769e+00, 1.889088e+00
-8.158158e-01, 3.327777e-01, 2.121293e+00, 1.886004e+00
-8.058058e-01, 3.246615e-01, 2.118670e+00, 1.882753e+00
-7.957958e-01, 3.166455e-01, 2.115902e+00, 1.879336e+00
-7.857858e-01, 3.087297e-01, 2.112988e+00, 1.875755e+00
-7.757758e-01, 3.009140e-01, 2.109928e+00, 1.872012e+00
-7.657658e-01, 2.931986e-01, 2.106721e+00, 1.868110e+00
-7.557558e-01, 2.855834e-01, 2.103367e+00, 1.864052e+00
-7.457457e-01, 2.780684e-01, 2.099867e+00, 1.859840e+00
-7.357357e-01, 2.706535e-01, 2.096219e+00, 1.855477e+00
-7.257257e-01, 2.633389e-01, 2.092425e+00, 1.850967e+00
-7.157157e-01, 2.561245e-01, 2.088484e+00, 1.846313e+00
-7.057057e-01, 2.490103e-01, 2.084396e+00, 1.841519e+00
-6.956957e-01, 2.419963e-01, 2.080162e+00, 1.836588e+00
-6.856857e-01, 2.350824e-01, 2.075781e+00, 1.831524e+00
-6.756757e-01, 2.282688e-01, 2.071255e+00, 1.826332e+00
-6.656657e-01, 2.215554e-01, 2.066583e+00, 1.821016e+00
-6.556557e-01, 2.149422e-01, 2.061766e+00, 1.815581e+00
-6.456456e-01, 2.084291e-01, 2.056804e+00, 1.810030e+00
-6.356356e-01, 2.020163e-01, 2.051698e+00, 1.804370e+00
-6.256256e-01, 1.957037e-01, 2.046448e+00, 1.798606e+00
-6.156156e-01, 1.894913e-01, 2.041056e+00, 1.792741e+00
-6.056056e-01, 1.833791e-01, 2.035521e+00, 1.786783e+00
-5.955956e-01, 1.773671e-01, 2.029846e+00, 1.780737e+00
-5.855856e-01, 1.714552e-01, 2.024030e+00, 1.774607e+00
-5.755756e-01, 1.656436e-01, 2.018074e+00, 1.768401e+00
-5.655656e-01, 1.599322e-01, 2.011980e+00, 1.762123e+00
-5.555556e-01, 1.543210e-01, 2.005748e+00, 1.755781e+00
-5.455455e-01, 1.488100e-01, 1.999380e+00, 1.749380e+00
-5.355355e-01, 1.433992e-01, 1.992877e+00, 1.742928e+00
-5.255255e-01, 1.380885e-01, 1.986240e+00, 1.736429e+00
-5.155155e-01, 1.328781e-01, 1.979470e+00, 1.729891e+00
-5.055055e-01, 1.277679e-01, 1.972568e+00, 1.723321e+00
-4.954955e-01, 1.227579e-01, 1.965537e+00, 1.716725e+00
-4.854855e-01, 1.178481e-01, 1.958377e+00, 1.710110e+00
-4.754755e-01, 1.130385e-01, 1.951090e+00, 1.703483e+00
-4.654655e-01, 1.083290e-01, 1.943678e+00, 1.696851e+00
-4.554555e-01, 1.037198e-01, 1.936143e+00, 1.690220e+00
-4.454454e-01, 9.921082e-02, 1.928485e+00, 1.683599e+00
-4.354354e-01, 9.480201e-02, 1.920707e+00, 1.676994e+00
-4.254254e-01, 9.049340e-02, 1.912810e+00, 1.670412e+00
-4.154154e-01, 8.628498e-02, 1.904797e+00, 1.663860e+00
-4.054054e-01, 8.217677e-02, 1.896669e+00, 1.657346e+00
-3.953954e-01, 7.816876e-02, 1.888428e+00, 1.650877e+00
-3.853854e-01, 7.426095e-02, 1.880077e+00, 1.644459e+00
-3.753754e-01, 7.045334e-02, 1.871617e+00, 1.638099e+00
-3.653654e-01, 6.674593e-02, 1.863051e+00, 1.631806e+00
-3.553554e-01, 6.313871e-02, 1.854380e+00, 1.625585e+00
-3.453453e-01, 5.963170e-02, 1.845608e+00, 1.619445e+00
-3.353353e-01, 5.622489e-02, 1.836735e+00, 1.613391e+00
-3.253253e-01, 5.291828e-02, 1.827766e+00, 1.607430e+00
-3.153153e-01, 4.971187e-02, 1.818701e+00, 1.601570e+00
-3.053053e-01, 4.660566e-02, 1.809543e+00, 1.595817e+00
-2.952953e-01, 4.359966e-02, 1.800296e+00, 1.590177e+00
-2.852853e-01, 4.069385e-02, 1.790960e+00, 1.584658e+00
-2.752753e-01, 3.788824e-02, 1.781540e+00, 1.579265e+00
-2.652653e-01, 3.518283e-02, 1.772037e+00, 1.574004e+00
-2.552553e-01, 3.257762e-02, 1.762454e+00, 1.568882e+00
-2.452452e-01, 3.007262e-02, 1.752795e+00, 1.563905e+00
-2.352352e-01, 2.766781e-02, 1.743060e+00, 1.559078e+00
-2.252252e-01, 2.536320e-02, 1.733254e+00, 1.554408e+00
-2.152152e-01, 2.315879e-02, 1.723379e+00, 1.549898e+00
-2.052052e-01, 2.105459e-02, 1.713438e+00, 1.545556e+00
-1.951952e-01, 1.905058e-02, 1.703434e+00, 1.541385e+00
-1.851852e-01, 1.714678e-02, 1.693369e+00, 1.537392e+00
-1.751752e-01, 1.534317e-02, 1.683247e+00, 1.533579e+00
-1.651652e-01, 1.363977e-02, 1.673070e+00, 1.529953e+00
-1.551552e-01, 1.203656e-02, 1.662842e+00, 1.526518e+00
-1.451451e-01, 1.053356e-02, 1.652565e+00, 1.523276e+00
-1.351351e-01, 9.130752e-03, 1.642243e+00, 1.520233e+00
-1.251251e-01, 7.828148e-03, 1.631878e+00, 1.517392e+00
-1.151151e-01, 6.625745e-03, 1.621474e+00, 1.514756e+00
-1.051051e-01, 5.523542e-03, 1.611033e+00, 1.512328e+00
-9.509510e-02, 4.521539e-03, 1.600559e+00, 1.510112e+00
-8.508509e-02, 3.619736e-03, 1.590055e+00, 1.508110e+00
-7.507508e-02, 2.818133e-03, 1.579524e+00, 1.506324e+00
-6.506507e-02, 2.116731e-03, 1.568969e+00, 1.504757e+00
-5.505506e-02, 1.515530e-03, 1.558394e+00, 1.503410e+00
-4.504505e-02, 1.014528e-03, 1.547801e+00, 1.502285e+00
-3.503504e-02, 6.137268e-04, 1.537193e+00, 1.501383e+00
-2.502503e-02, 3.131259e-04, 1.526575e+00, 1.500706e+00
-1.501502e-02, 1.127253e-04, 1.515948e+00, 1.500254e+00
-5.005005e-03, 1.252504e-05, 1.505317e+00, 1.500028e+00
5.005005e-03, 1.252504e-05, 1.494683e+00, 1.500028e+00
1.501502e-02, 1.127253e-04, 1.484052e+00, 1.500254e+00
2.502503e-02, 3.131259e-04, 1.473425e+00, 1.500706e+00
3.503504e-02, 6.137268e-04, 1.462807e+00, 1.501383e+00
4.504505e-02, 1.014528e-03, 1.452199e+00, 1.502285e+00
5.505506e-02, 1.515530e-03, 1.441606e+00, 1.503410e+00
6.506507e-02, 2.116731e-03, 1.431031e+00, 1.504757e+00
7.507508e-02, 2.818133e-03, 1.420476e+00, 1.506324e+00
8.508509e-02, 3.619736e-03, 1.409945e+00, 1.508110e+00
9.509510e-02, 4.521539e-03, 1.399441e+00, 1.510112e+00
1.051051e-01, 5.523542e-03, 1.388967e+00, 1.512328e+00
1.151151e-01, 6.625745e-03, 1.378526e+00, 1.514756e+00
1.251251e-01, 7.828148e-03, 1.368122e+00, 1.517392e+00
1.351351e-01, 9.130752e-03, 1.357757e+00, 1.520233e+00
1.451451e-01, 1.053356e-02, 1.347435e+00, 1.523276e+00
1.551552e-01, 1.203656e-02, 1.337158e+00, 1.526518e+00
1.651652e-01, 1.363977e-02, 1.326930e+00, 1.529953e+00
1.751752e-01, 1.534317e-02, 1.316753e+00, 1.533579e+00
1.851852e-01, 1.714678e-02, 1.306631e+00, 1.537392e+00
1.951952e-01, 1.905058e-02, 1.296566e+00, 1.541385e+00
2.052052e-01, 2.105459e-02, 1.286562e+00, 1.545556e+00
2.152152e-01, 2.315879e-02, 1.276621e+00, 1.549898e+00
2.252252e-01, 2.536320e-02, 1.266746e+00, 1.554408e+00
2.352352e-01, 2.766781e-02, 1.256940e+00, 1.559078e+00
2.452452e-01, 3.007262e-02, 1.247205e+00, 1.563905e+00
2.552553e-01, 3.257762e-02, 1.237546e+00, 1.568882e+00
2.652653e-01, 3.518283e-02, 1.227963e+00, 1.574004e+00
2.752753e-01, 3.788824e-02, 1.218460e+00, 1.579265e+00
2.852853e-01, 4.069385e-02, 1.209040e+00, 1.584658e+00
2.952953e-01, 4.359966e-02, 1.199704e+00, 1.590177e+00
3.053053e-01, 4.660566e-02, 1.190457e+00, 1.595817e+00
3.153153e-01, 4.971187e-02, 1.181299e+00, 1.601570e+00
3.253253e-01, 5.291828e-02, 1.172234e+00, 1.607430e+00
3.353353e-01, 5.622489e-02, 1.163265e+00, 1.613391e+00
3.453453e-01, 5.963170e-02, 1.154392e+00, 1.619445e+00
3.553554e-01, 6.313871e-02, 1.145620e+00, 1.625585e+00
3.653654e-01, 6.674593e-02, 1.136949e+00, 1.631806e+00
3.753754e-01, 7.045334e-02, 1.128383e+00, 1.638099e+00
3.853854e-01, 7.426095e-02, 1.119923e+00, 1.644459e+00
3.953954e-01, 7.816876e-02, 1.111572e+00, 1.650877e+00
4.054054e-01, 8.217677e-02, 1.103331e+00, 1.657346e+00
4.154154e-01, 8.628498e-02, 1.095203e+00, 1.663860e+00
4.254254e-01, 9.049340e-02, 1.087190e+00, 1.670412e+00
4.354354e-01, 9.480201e-02, 1.079293e+00, 1.676994e+00
4.454454e-01, 9.921082e-02, 1.071515e+00, 1.683599e+00
4.554555e-01, 1.037198e-01, 1.063857e+00, 1.690220e+00
4.654655e-01, 1.083290e-01, 1.056322e+00, 1.696851e+00
4.754755e-01, 1.130385e-01, 1.048910e+00, 1.703483e+00
4.854855e-01, 1.178481e-01, 1.041623e+00, 1.710110e+00
4.954955e-01, 1.227579e-01, 1.034463e+00, 1.716725e+00
5.055055e-01, 1.277679e-01, 1.027432e+00, 1.723321e+00
5.155155e-01, 1.328781e-01, 1.020530e+00, 1.729891e+00
5.255255e-01, 1.380885e-01, 1.013760e+00, 1.736429e+00
5.355355e-01, 1.433992e-01, 1.007123e+00, 1.742928e+00
5.455455e-01, 1.488100e-01, 1.000620e+00, 1.749380e+00
5.555556e-01, 1.543210e-01, 9.942519e-01, 1.755781e+00
5.655656e-01, 1.599322e-01, 9.880202e-01, 1.762123e+00
5.755756e-01, 1.656436e-01, 9.819260e-01, 1.768401e+00
5.855856e-01, 1.714552e-01, 9.759704e-01, 1.774607e+00
5.955956e-01, 1.773671e-01, 9.701542e-01, 1.780737e+00
6.056056e-01, 1.833791e-01, 9.644785e-01, 1.786783e+00
6.156156e-01, 1.894913e-01, 9.589441e-01, 1.792741e+00
6.256256e-01, 1.957037e-01, 9.535518e-01, 1.798606e+00
6.356356e-01, 2.020163e-01, 9.483023e-01, 1.804370e+00
6.456456e-01, 2.084291e-01, 9.431963e-01, 1.810030e+00
6.556557e-01, 2.149422e-01, 9.382344e-01, 1.815581e+00
6.656657e-01, 2.215554e-01, 9.334172e-01, 1.821016e+00
6.756757e-01, 2.282688e-01, 9.287451e-01, 1.826332e+00
6.856857e-01, 2.350824e-01, 9.242186e-01, 1.831524e+00
6.956957e-01, 2.419963e-01, 9.198381e-01, 1.836588e+00
7.057057e-01, 2.490103e-01, 9.156038e-01, 1.841519e+00
7.157157e-01, 2.561245e-01, 9.115160e-01, 1.846313e+00
7.257257e-01, 2.633389e-01, 9.075750e-01, 1.850967e+00
7.357357e-01, 2.706535e-01, 9.037807e-01, 1.855477e+00
7.457457e-01, 2.780684e-01, 9.001333e-01, 1.859840e+00
7.557558e-01, 2.855834e-01, 8.966328e-01, 1.864052e+00
7.657658e-01, 2.931986e-01, 8.932791e-01, 1.868110e+00
7.757758e-01, 3.009140e-01, 8.900722e-01, 1.872012e+00
7.857858e-01, 3.087297e-01, 8.870118e-01, 1.875755e+00
7.957958e-01, 3.166455e-01, 8.840978e-01, 1.879336e+00
8.058058e-01, 3.246615e-01, 8.813298e-01, 1.882753e+00
8.158158e-01, 3.327777e-01, 8.787075e-01, 1.886004e+00
8.258258e-01, 3.409941e-01, 8.762305e-01, 1.889088e+00
8.358358e-01, 3.493108e-01, 8.738985e-01, 1.892003e+00
8.458458e-01, 3.577276e-01, 8.717108e-01, 1.894747e+00
8.558559e-01, 3.662446e-01, 8.696669e-01, 1.897320e+00
8.658659e-01, 3.748618e-01, 8.677662e-01, 1.899720e+00
8.758759e-01, 3.835793e-01, 8.660081e-01, 1.901946e+00
8.858859e-01, 3.923969e-01, 8.643918e-01, 1.903998e+00
8.958959e-01, 4.013147e-01, 8.629166e-01, 1.905875e+00
9.059059e-01, 4.103328e-01, 8.615816e-01, 1.907578e+00
9.159159e-01, 4.194510e-01, 8.603861e-01, 1.909106e+00
9.259259e-01, 4.286694e-01, 8.593291e-01, 1.910459e+00
9.359359e-01, 4.379880e-01, 8.584096e-01, 1.911638e+00
9.459459e-01, 4.474069e-01, 8.576266e-01, 1.912644e+00
9.559560e-01, 4.569259e-01, 8.569792e-01, 1.913476e+00
9.659660e-01, 4.665451e-01, 8.564662e-01, 1.914136e+00
9.759760e-01, 4.762646e-01, 8.560864e-01, 1.914625e+00
9.859860e-01, 4.860842e-01, 8.558388e-01, 1.914944e+00
9.959960e-01, 4.960040e-01, 8.557220e-01, 1.915094e+00
1.006006e+00, 5.060240e-01, 8.557348e-01, 1.915078e+00
1.016016e+00, 5.161443e-01, 8.558760e-01, 1.914896e+00
1.026026e+00, 5.263647e-01, 8.561442e-01, 1.914550e+00
1.036036e+00, 5.366853e-01, 8.565380e-01, 1.914043e+00
1.046046e+00, 5.471062e-01, 8.570560e-01, 1.913377e+00
1.056056e+00, 5.576272e-01, 8.576968e-01, 1.912553e+00
1.066066e+00, 5.682484e-01, 8.584589e-01, 1.911575e+00
1.076076e+00, 5.789699e-01, 8.593408e-01, 1.910444e+00
1.086086e+00, 5.897915e-01, 8.603409e-01, 1.909164e+00
1.096096e+00, 6.007133e-01, 8.614577e-01, 1.907736e+00
1.106106e+00, 6.117354e-01, 8.626896e-01, 1.906165e+00
1.116116e+00, 6.228576e-01, 8.640349e-01, 1.904452e+00
1.126126e+00, 6.340800e-01, 8.654920e-01, 1.902600e+00
1.136136e+00, 6.454027e-01, 8.670592e-01, 1.900614e+00
1.146146e+00, 6.568255e-01, 8.687348e-01, 1.898496e+00
1.156156e+00, 6.683485e-01, 8.705171e-01, 1.896249e+00
1.166166e+00, 6.799718e-01, 8.724043e-01, 1.893876e+00
1.176176e+00, 6.916952e-01, 8.743946e-01, 1.891382e+00
1.186186e+00, 7.035188e-01, 8.764862e-01, 1.888769e+00
1.196196e+00, 7.154427e-01, 8.786774e-01, 1.886042e+00
1.206206e+00, 7.274667e-01, 8.809663e-01, 1.883203e+00
1.216216e+00, 7.395909e-01, 8.833510e-01, 1.880256e+00
1.226226e+00, 7.518154e-01, 8.858296e-01, 1.877205e+00
1.236236e+00, 7.641400e-01, 8.884004e-01, 1.874054e+00
1.246246e+00, 7.765649e-01, 8.910613e-01, 1.870806e+00
1.256256e+00, 7.890899e-01, 8.938105e-01, 1.867466e+00
1.266266e+00, 8.017151e-01, 8.966461e-01, 1.864036e+00
1.276276e+00, 8.144406e-01, 8.995661e-01, 1.860521e+00
1.286286e+00, 8.272662e-01, 9.025686e-01, 1.856924e+00
1.296296e+00, 8.401920e-01, 9.056517e-01, 1.853250e+00
1.306306e+00, 8.532181e-01, 9.088133e-01, 1.849502e+00
1.316316e+00, 8.663443e-01, 9.120516e-01, 1.845683e+00
1.326326e+00, 8.795708e-01, 9.153645e-01, 1.841799e+00
1.336336e+00, 8.928974e-01, 9.187501e-01, 1.837851e+00
1.346346e+00, 9.063242e-01, 9.222064e-01, 1.833845e+00
1.356356e+00, 9.198513e-01, 9.257315e-01, 1.829784e+00
1.366366e+00, 9.334785e-01, 9.293233e-01, 1.825672e+00
1.376376e+00, 9.472060e-01, 9.329800e-01, 1.821512e+00
1.386386e+00, 9.610336e-01, 9.366994e-01, 1.817308e+00
1.396396e+00, 9.749614e-01, 9.404797e-01, 1.813063e+00
1.406406e+00, 9.889895e-01, 9.443188e-01, 1.808782e+00
1.416416e+00, 1.003118e+00, 9.482149e-01, 1.804467e+00
1.426426e+00, 1.017346e+00, 9.521659e-01, 1.800122e+00
1.436436e+00, 1.031675e+00, 9.561699e-01, 1.795751e+00
1.446446e+00, 1.046104e+00, 9.602249e-01, 1.791357e+00
1.456456e+00, 1.060633e+00, 9.643290e-01, 1.786943e+00
1.466466e+00, 1.075262e+00, 9.684803e-01, 1.782513e+00
1.476476e+00, 1.089991e+00, 9.726769e-01, 1.778070e+00
1.486486e+00, 1.104821e+00, 9.769167e-01, 1.773616e+00
1.496496e+00, 1.119751e+00, 9.811980e-01, 1.769155e+00
1.506507e+00, 1.134781e+00, 9.855189e-01, 1.764691e+00
1.516517e+00, 1.149911e+00, 9.898774e-01, 1.760225e+00
1.526527e+00, 1.165142e+00, 9.942716e-01, 1.755761e+00
1.536537e+00, 1.180472e+00, 9.986999e-01, 1.751302e+00
1.546547e+00, 1.195903e+00, 1.003160e+00, 1.746850e+00
1.556557e+00, 1.211434e+00, 1.007651e+00, 1.742408e+00
1.566567e+00, 1.227065e+00, 1.012170e+00, 1.737978e+00
1.576577e+00, 1.242797e+00, 1.016716e+00, 1.733564e+00
1.586587e+00, 1.258628e+00, 1.021286e+00, 1.729167e+00
1.596597e+00, 1.274560e+00, 1.025880e+00, 1.724790e+00
1.606607e+00, 1.290592e+00, 1.030495e+00, 1.720435e+00
1.616617e+00, 1.306725e+00, 1.035130e+00, 1.716104e+00
1.626627e+00, 1.322957e+00, 1.039783e+00, 1.711799e+00
1.636637e+00, 1.339290e+00, 1.044453e+00, 1.707524e+00
1.646647e+00, 1.355723e+00, 1.049136e+00, 1.703278e+00
1.656657e+00, 1.372256e+00, 1.053833e+00, 1.699065e+00
1.666667e+00, 1.388889e+00, 1.058542e+00, 1.694885e+00
1.676677e+00, 1.405622e+00, 1.063260e+00, 1.690742e+00
1.686687e+00, 1.422456e+00, 1.067987e+00, 1.686636e+00
1.696697e+00, 1.439390e+00, 1.072720e+00, 1.682568e+00
1.706707e+00, 1.456424e+00, 1.077458e+00, 1.678541e+00
1.716717e+00, 1.473558e+00, 1.082200e+00, 1.674556e+00
1.726727e+00, 1.490793e+00, 1.086945e+00, 1.670615e+00
1.736737e+00, 1.508127e+00, 1.091690e+00, 1.666717e+00
1.746747e+00, 1.525562e+00, 1.096434e+00, 1.662865e+00
1.756757e+00, 1.543097e+00, 1.101177e+00, 1.659060e+00
1.766767e+00, 1.560732e+00, 1.105916e+00, 1.655303e+00
1.776777e+00, 1.578468e+00, 1.110650e+00, 1.651594e+00
1.786787e+00, 1.596304e+00, 1.115378e+00, 1.647934e+00
1.796797e+00, 1.614239e+00, 1.120098e+00, 1.644325e+00
1.806807e+00, 1.632275e+00, 1.124810e+00, 1.640767e+00
1.816817e+00, 1.650412e+00, 1.129512e+00, 1.637261e+00
1.826827e+00, 1.668648e+00, 1.134203e+00, 1.633808e+00
1.836837e+00, 1.686985e+00, 1.138881e+00, 1.630407e+00
1.846847e+00, 1.705422e+00, 1.143546e+00, 1.627059e+00
1.856857e+00, 1.723959e+00, 1.148196e+00, 1.623766e+00
1.866867e+00, 1.742596e+00, 1.152831e+00, 1.620526e+00
1.876877e+00, 1.761333e+00, 1.157448e+00, 1.617342e+00
1.886887e+00, 1.780171e+00, 1.162048e+00, 1.614212e+00
1.896897e+00, 1.799109e+00, 1.166629e+00, 1.611136e+00
1.906907e+00, 1.818147e+00, 1.171189e+00, 1.608116e+00
1.916917e+00, 1.837285e+00, 1.175729e+00, 1.605152e+00
1.926927e+00, 1.856524e+00, 1.180247e+00, 1.602242e+00
1.936937e+00, 1.875862e+00, 1.184742e+00, 1.599388e+00
1.946947e+00, 1.895301e+00, 1.189213e+00, 1.596589e+00
1.956957e+00, 1.914840e+00, 1.193660e+00, 1.593844e+00
1.966967e+00, 1.934480e+00, 1.198081e+00, 1.591155e+00
1.976977e+00, 1.954219e+00, 1.202476e+00, 1.588521e+00
1.986987e+00, 1.974059e+00, 1.206843e+00, 1.585941e+00
1.996997e+00, 1.993999e+00, 1.211183e+00, 1.583415e+00
2.007007e+00, 2.014039e+00, 1.215495e+00, 1.580943e+00
2.017017e+00, 2.034179e+00, 1.219777e+00, 1.578525e+00
2.027027e+00, 2.054419e+00, 1.224029e+00, 1.576160e+00
2.037037e+00, 2.074760e+00, 1.228250e+00, 1.573848e+00
2.047047e+00, 2.095201e+00, 1.232440e+00, 1.571588e+00
2.057057e+00, 2.115742e+00, 1.236598e+00, 1.569381e+00
2.067067e+00, 2.136383e+00, 1.240724e+00, 1.567224e+00
2.077077e+00, 2.157125e+00, 1.244816e+00, 1.565119e+00
2.087087e+00, 2.177966e+00, 1.248875e+00, 1.563064e+00
2.097097e+00, 2.198908e+00, 1.252900e+00, 1.561058e+00
2.107107e+00, 2.219950e+00, 1.256890e+00, 1.559102e+00
2.117117e+00, 2.241092e+00, 1.260846e+00, 1.557195e+00
2.127127e+00, 2.262335e+00, 1.264765e+00, 1.555335e+00
2.137137e+00, 2.283678e+00, 1.268649e+00, 1.553523e+00
2.147147e+00, 2.305120e+00, 1.272496e+00, 1.551758e+00
2.157157e+00, 2.326664e+00, 1.276307e+00, 1.550039e+00
2.167167e+00, 2.348307e+00, 1.280081e+00, 1.548364e+00
2.177177e+00, 2.370050e+00, 1.283817e+00, 1.546735e+00
2.187187e+00, 2.391894e+00, 1.287516e+00, 1.545150e+00
2.197197e+00, 2.413838e+00, 1.291176e+00, 1.543607e+00
2.207207e+00, 2.435882e+00, 1.294798e+00, 1.542108e+00
2.217217e+00, 2.458026e+00, 1.298382e+00, 1.540650e+00
2.227227e+00, 2.480271e+00, 1.301927e+00, 1.539233e+00
2.237237e+00, 2.502615e+00, 1.305434e+00, 1.537856e+00
2.247247e+00, 2.525060e+00, 1.308901e+00, 1.536519e+00
2.257257e+00, 2.547605e+00, 1.312329e+00, 1.535220e+00
2.267267e+00, 2.570250e+00, 1.315717e+00, 1.533960e+00
2.277277e+00, 2.592996e+00, 1.319066e+00, 1.532737e+00
2.287287e+00, 2.615842e+00, 1.322376e+00, 1.531550e+00
2.297297e+00, 2.638787e+00, 1.325645e+00, 1.530400e+00
2.307307e+00, 2.661834e+00, 1.328875e+00, 1.529284e+00
2.317317e+00, 2.684980e+00, 1.332065e+00, 1.528202e+00
2.327327e+00, 2.708226e+00, 1.335215e+00, 1.527154e+00
2.337337e+00, 2.731573e+00, 1.338325e+00, 1.526139e+00
2.347347e+00, 2.755020e+00, 1.341396e+00, 1.525155e+00
2.357357e+00, 2.778567e+00, 1.344426e+00, 1.524203e+00
2.367367e+00, 2.802214e+00, 1.347417e+00, 1.523282e+00
2.377377e+00, 2.825962e+00, 1.350367e+00, 1.522390e+00
2.387387e+00, 2.849809e+00, 1.353278e+00, 1.521527e+00
2.397397e+00, 2.873757e+00, 1.356150e+00, 1.520693e+00
2.407407e+00, 2.897805e+00, 1.358981e+00, 1.519886e+00
2.417417e+00, 2.921953e+00, 1.361774e+00, 1.519107e+00
2.427427e+00, 2.946202e+00, 1.364526e+00, 1.518353e+00
2.437437e+00, 2.970551e+00, 1.367240e+00, 1.517625e+00
2.447447e+00, 2.995000e+00, 1.369914e+00, 1.516922e+00
2.457457e+00, 3.019549e+00, 1.372550e+00, 1.516244e+00
2.467467e+00, 3.044198e+00, 1.375147e+00, 1.515588e+00
2.477477e+00, 3.068947e+00, 1.377705e+00, 1.514956e+00
2.487487e+00, 3.093797e+00, 1.380224e+00, 1.514346e+00
2.497497e+00, 3.118747e+00, 1.382705e+00, 1.513758e+00
2.507508e+00, 3.143797e+00, 1.385149e+00, 1.513191e+00
2.517518e+00, 3.168947e+00, 1.387554e+00, 1.512644e+00
2.527528e+00, 3.194198e+00, 1.389922e+00, 1.512117e+00
2.537538e+00, 3.219548e+00, 1.392252e+00, 1.511610e+00
2.547548e+00, 3.244999e+00, 1.394546e+00, 1.511121e+00
2.557558e+00, 3.270550e+00, 1.396802e+00, 1.510650e+00
2.567568e+00, 3.296202e+00, 1.399022e+00, 1.510197e+00
2.577578e+00, 3.321953e+00, 1.401205e+00, 1.509760e+00
2.587588e+00, 3.347805e+00, 1.403353e+00, 1.509341e+00
2.597598e+00, 3.373757e+00, 1.405464e+00, 1.508937e+00
2.607608e+00, 3.399809e+00, 1.407540e+00, 1.508549e+00
2.617618e+00, 3.425961e+00, 1.409581e+00, 1.508176e+00
2.627628e+00, 3.452213e+00, 1.411587e+00, 1.507817e+00
2.637638e+00, 3.478566e+00, 1.413559e+00, 1.507472e+00
2.647648e+00, 3.505019e+00, 1.415496e+00, 1.507141e+00
2.657658e+00, 3.531572e+00, 1.417399e+00, 1.506823e+00
2.667668e+00, 3.558225e+00, 1.419269e+00, 1.506518e+00
2.677678e+00, 3.584979e+00, 1.421105e+00, 1.506224e+00
2.687688e+00, 3.611833e+00, 1.422908e+00, 1.505943e+00
2.697698e+00, 3.638786e+00, 1.424679e+00, 1.505673e+00
2.707708e+00, 3.665841e+00, 1.426417e+00, 1.505414e+00
2.717718e+00, 3.692995e+00, 1.428124e+00, 1.505166e+00
2.727728e+00, 3.720249e+00, 1.429799e+00, 1.504928e+00
2.737738e+00, 3.747604e+00, 1.431442e+00, 1.504700e+00
2.747748e+00, 3.775059e+00, 1.433055e+00, 1.504482e+00
2.757758e+00, 3.802614e+00, 1.434637e+00, 1.504272e+00
2.767768e+00, 3.830269e+00, 1.436189e+00, 1.504072e+00
2.777778e+00, 3.858025e+00, 1.437712e+00, 1.503880e+00
2.787788e+00, 3.885880e+00, 1.439205e+00, 1.503696e+00
2.797798e+00, 3.913836e+00, 1.440668e+00, 1.503520e+00
2.807808e+00, 3.941892e+00, 1.442103e+00, 1.503352e+00
2.817818e+00, 3.970049e+00, 1.443510e+00, 1.503191e+00
2.827828e+00, 3.998305e+00, 1.444889e+00, 1.503037e+00
2.837838e+00, 4.026662e+00, 1.446240e+00, 1.502890e+00
2.847848e+00, 4.055119e+00, 1.447564e+00, 1.502750e+00
2.857858e+00, 4.083676e+00, 1.448861e+00, 1.502615e+00
2.867868e+00, 4.112333e+00, 1.450132e+00, 1.502487e+00
2.877878e+00, 4.141091e+00, 1.451376e+00, 1.502364e+00
2.887888e+00, 4.169948e+00, 1.452595e+00, 1.502247e+00
2.897898e+00, 4.198906e+00, 1.453789e+00, 1.502135e+00
2.907908e+00, 4.227964e+00, 1.454957e+00, 1.502029e+00
2.917918e+00, 4.257122e+00, 1.456101e+00, 1.501927e+00
2.927928e+00, 4.286381e+00, 1.457220e+00, 1.501830e+00
2.937938e+00, 4.315740e+00, 1.458316e+00, 1.501738e+00
2.947948e+00, 4.345199e+00, 1.459388e+00, 1.501649e+00
2.957958e+00, 4.374758e+00, 1.460437e+00, 1.501565e+00
2.967968e+00, 4.404417e+00, 1.461463e+00, 1.501485e+00
2.977978e+00, 4.434176e+00, 1.462467e+00, 1.501409e+00
2.987988e+00, 4.464036e+00, 1.463449e+00, 1.501336e+00
2.997998e+00, 4.493996e+00, 1.464409e+00, 1.501267e+00
3.008008e+00, 4.524056e+00, 1.465348e+00, 1.501201e+00
3.018018e+00, 4.554216e+00, 1.466265e+00, 1.501138e+00
3.028028e+00, 4.584477e+00, 1.467162e+00, 1.501078e+00
3.038038e+00, 4.614838e+00, 1.468039e+00, 1.501022e+00
3.048048e+00, 4.645298e+00, 1.468896e+00, 1.500967e+00
3.058058e+00, 4.675860e+00, 1.469733e+00, 1.500916e+00
3.068068e+00, 4.706521e+00, 1.470551e+00, 1.500867e+00
3.078078e+00, 4.737282e+00, 1.471350e+00, 1.500821e+00
3.088088e+00, 4.768144e+00, 1.472130e+00, 1.500777e+00
3.098098e+00, 4.799106e+00, 1.472892e+00, 1.500735e+00
3.108108e+00, 4.830168e+00, 1.473636e+00, 1.500695e+00
3.118118e+00, 4.861330e+00, 1.474363e+00, 1.500657e+00
3.128128e+00, 4.892593e+00, 1.475072e+00, 1.500621e+00
3.138138e+00, 4.923955e+00, 1.475764e+00, 1.500587e+00
3.148148e+00, 4.955418e+00, 1.476440e+00, 1.500555e+00
3.158158e+00, 4.986981e+00, 1.477100e+00, 1.500524e+00
3.168168e+00, 5.018645e+00, 1.477743e+00, 1.500495e+00
3.178178e+00, 5.050408e+00, 1.478371e+00, 1.500468e+00
3.188188e+00, 5.082272e+00, 1.478983e+00, 1.500442e+00
3.198198e+00, 5.114236e+00, 1.479580e+00, 1.500417e+00
3.208208e+00, 5.146300e+00, 1.480163e+00, 1.500394e+00
3.218218e+00, 5.178464e+00, 1.480731e+00, 1.500371e+00
3.228228e+00, 5.210729e+00, 1.481285e+00, 1.500350e+00
3.238238e+00, 5.243093e+00, 1.481824e+00, 1.500330e+00
3.248248e+00, 5.275558e+00, 1.482351e+00, 1.500312e+00
3.258258e+00, 5.308123e+00, 1.482863e+00, 1.500294e+00
3.268268e+00, 5.340789e+00, 1.483363e+00, 1.500277e+00
3.278278e+00, 5.373554e+00, 1.483850e+00, 1.500261e+00
3.288288e+00, 5.406420e+00, 1.484325e+00, 1.500246e+00
3.298298e+00, 5.439386e+00, 1.484787e+00, 1.500231e+00
3.308308e+00, 5.472452e+00, 1.485237e+00, 1.500218e+00
3.318318e+00, 5.505618e+00, 1.485675e+00, 1.500205e+00
3.328328e+00, 5.538885e+00, 1.486102e+00, 1.500193e+00
3.338338e+00, 5.572251e+00, 1.486518e+00, 1.500182e+00
3.348348e+00, 5.605718e+00, 1.486923e+00, 1.500171e+00
3.358358e+00, 5.639285e+00, 1.487316e+00, 1.500161e+00
3.368368e+00, 5.672953e+00, 1.487700e+00, 1.500151e+00
3.378378e+00, 5.706720e+00, 1.488073e+00, 1.500142e+00
3.388388e+00, 5.740588e+00, 1.488436e+00, 1.500134e+00
3.398398e+00, 5.774556e+00, 1.488789e+00, 1.500126e+00
3.408408e+00, 5.808624e+00, 1.489133e+00, 1.500118e+00
3.418418e+00, 5.842792e+00, 1.489467e+00, 1.500111e+00
3.428428e+00, 5.877061e+00, 1.489792e+00, 1.500104e+00
3.438438e+00, 5.911429e+00, 1.490108e+00, 1.500098e+00
3.448448e+00, 5.945898e+00, 1.490415e+00, 1.500092e+00
3.458458e+00, 5.980467e+00, 1.490714e+00, 1.500086e+00
3.468468e+00, 6.015137e+00, 1.491005e+00, 1.500081e+00
3.478478e+00, 6.049906e+00, 1.491287e+00, 1.500076e+00
3.488488e+00, 6.084776e+00, 1.491561e+00, 1.500071e+00
3.498498e+00, 6.119746e+00, 1.491828e+00, 1.500067e+00
3.508509e+00, 6.154816e+00, 1.492087e+00, 1.500063e+00
3.518519e+00, 6.189986e+00, 1.492339e+00, 1.500059e+00
3.528529e+00, 6.225257e+00, 1.492583e+00, 1.500055e+00
3.538539e+00, 6.260627e+00, 1.492821e+00, 1.500052e+00
3.548549e+00, 6.296098e+00, 1.493051e+00, 1.500048e+00
3.558559e+00, 6.331670e+00, 1.493275e+00, 1.500045e+00
3.568569e+00, 6.367341e+00, 1.493492e+00, 1.500042e+00
3.578579e+00, 6.403112e+00, 1.493704e+00, 1.500040e+00
3.588589e+00, 6.438984e+00, 1.493908e+00, 1.500037e+00
3.598599e+00, 6.474956e+00, 1.494107e+00, 1.500035e+00
3.608609e+00, 6.511028e+00, 1.494300e+00, 1.500032e+00
3.618619e+00, 6.547200e+00, 1.494487e+00, 1.500030e+00
3.628629e+00, 6.583473e+00, 1.494669e+00, 1.500028e+00
3.638639e+00, 6.619846e+00, 1.494845e+00, 1.500027e+00
3.648649e+00, 6.656318e+00, 1.495016e+00, 1.500025e+00
3.658659e+00, 6.692892e+00, 1.495182e+00, 1.500023e+00
3.668669e+00, 6.729565e+00, 1.495343e+00, 1.500022e+00
3.678679e+00, 6.766338e+00, 1.495499e+00, 1.500020e+00
3.688689e+00, 6.803212e+00, 1.495650e+00, 1.500019e+00
3.698699e+00, 6.840186e+00, 1.495796e+00, 1.500018e+00
3.708709e+00, 6.877260e+00, 1.495939e+00, 1.500016e+00
3.718719e+00, 6.914434e+00, 1.496076e+00, 1.500015e+00
3.728729e+00, 6.951709e+00, 1.496210e+00, 1.500014e+00
3.738739e+00, 6.989084e+00, 1.496339e+00, 1.500013e+00
3.748749e+00, 7.026559e+00, 1.496464e+00, 1.500013e+00
3.758759e+00, 7.064134e+00, 1.496585e+00, 1.500012e+00
3.768769e+00, 7.101809e+00, 1.496703e+00, 1.500011e+00
3.778779e+00, 7.139585e+00, 1.496817e+00, 1.500010e+00
3.788789e+00, 7.177460e+00, 1.496927e+00, 1.500009e+00
3.798799e+00, 7.215436e+00, 1.497034e+00, 1.500009e+00
3.808809e+00, 7.253512e+00, 1.497137e+00, 1.500008e+00
3.818819e+00, 7.291689e+00, 1.497237e+00, 1.500008e+00
3.828829e+00, 7.329965e+00, 1.497334e+00, 1.500007e+00
3.838839e+00, 7.368342e+00, 1.497427e+00, 1.500007e+00
3.848849e+00, 7.406819e+00, 1.497518e+00, 1.500006e+00
3.858859e+00, 7.445396e+00, 1.497606e+00, 1.500006e+00
3.868869e+00, 7.484073e+00, 1.497691e+00, 1.500005e+00
3.878879e+00, 7.522851e+00, 1.497773e+00, 1.500005e+00
3.888889e+00, 7.561728e+00, 1.497852e+00, 1.500005e+00
3.898899e+00, 7.600706e+00, 1.497929e+00, 1.500004e+00
3.908909e+00, 7.639784e+00, 1.498003e+00, 1.500004e+00
3.918919e+00, 7.678963e+00, 1.498075e+00, 1.500004e+00
3.928929e+00, 7.718241e+00, 1.498144e+00, 1.500003e+00
3.938939e+00, 7.757620e+00, 1.498212e+00, 1.500003e+00
3.948949e+00, 7.797099e+00, 1.498276e+00, 1.500003e+00
3.958959e+00, 7.836678e+00, 1.498339e+00, 1.500003e+00
3.968969e+00, 7.876357e+00, 1.498400e+00, 1.500003e+00
3.978979e+00, 7.916137e+00, 1.498458e+00, 1.500002e+00
3.988989e+00, 7.956017e+00, 1.498515e+00, 1.500002e+00
3.998999e+00, 7.995996e+00, 1.498570e+00, 1.500002e+00
4.009009e+00, 8.036077e+00, 1.498622e+00, 1.500002e+00
4.019019e+00, 8.076257e+00, 1.498673e+00, 1.500002e+00
4.029029e+00, 8.116537e+00, 1.498722e+00, 1.500002e+00
4.039039e+00, 8.156918e+00, 1.498770e+00, 1.500002e+00
4.049049e+00, 8.197399e+00, 1.498816e+00, 1.500001e+00
4.059059e+00, 8.237980e+00, 1.498860e+00, 1.500001e+00
4.069069e+00, 8.278662e+00, 1.498903e+00, 1.500001e+00
4.079079e+00, 8.319443e+00, 1.498944e+00, 1.500001e+00
4.089089e+00, 8.360325e+00, 1.498984e+00, 1.500001e+00
4.099099e+00, 8.401307e+00, 1.499022e+00, 1.500001e+00
4.109109e+00, 8.442389e+00, 1.499060e+00, 1.500001e+00
4.119119e+00, 8.483571e+00, 1.499095e+00, 1.500001e+00
4.129129e+00, 8.524854e+00, 1.499130e+00, 1.500001e+00
4.139139e+00, 8.566236e+00, 1.499163e+00, 1.500001e+00
4.149149e+00, 8.607719e+00, 1.499195e+00, 1.500001e+00
4.159159e+00, 8.649302e+00, 1.499226e+00, 1.500001e+00
4.169169e+00, 8.690986e+00, 1.499256e+00, 1.500001e+00
4.179179e+00, 8.732769e+00, 1.499285e+00, 1.500001e+00
4.189189e+00, 8.774653e+00, 1.499313e+00, 1.500000e+00
4.199199e+00, 8.816637e+00, 1.499339e+00, 1.500000e+00
4.209209e+00, 8.858721e+00, 1.499365e+00, 1.500000e+00
4.219219e+00, 8.900905e+00, 1.499390e+00, 1.500000e+00
4.229229e+00, 8.943190e+00, 1.499414e+00, 1.500000e+00
4.239239e+00, 8.985575e+00, 1.499437e+00, 1.500000e+00
4.249249e+00, 9.028060e+00, 1.499459e+00, 1.500000e+00
4.259259e+00, 9.070645e+00, 1.499480e+00, 1.500000e+00
4.269269e+00, 9.113330e+00, 1.499501e+00, 1.500000e+00
4.279279e+00, 9.156116e+00, 1.499521e+00, 1.500000e+00
4.289289e+00, 9.199001e+00, 1.499540e+00, 1.500000e+00
4.299299e+00, 9.241987e+00, 1.499558e+00, 1.500000e+00
4.309309e+00, 9.285073e+00, 1.499576e+00, 1.500000e+00
4.319319e+00, 9.328260e+00, 1.499593e+00, 1.500000e+00
4.329329e+00, 9.371546e+00, 1.499609e+00, 1.500000e+00
4.339339e+00, 9.414933e+00, 1.499625e+00, 1.500000e+00
4.349349e+00, 9.458420e+00, 1.499640e+00, 1.500000e+00
4.359359e+00, 9.502007e+00, 1.499655e+00, 1.500000e+00
4.369369e+00, 9.545694e+00, 1.499669e+00, 1.500000e+00
4.379379e+00, 9.589482e+00, 1.499683e+00, 1.500000e+00
4.389389e+00, 9.633370e+00, 1.499696e+00, 1.500000e+00
4.399399e+00, 9.677358e+00, 1.499708e+00, 1.500000e+00
4.409409e+00, 9.721446e+00, 1.499720e+00, 1.500000e+00
4.419419e+00, 9.765634e+00, 1.499732e+00, 1.500000e+00
4.429429e+00, 9.809923e+00, 1.499743e+00, 1.500000e+00
4.439439e+00, 9.854311e+00, 1.499754e+00, 1.500000e+00
4.449449e+00, 9.898800e+00, 1.499764e+00, 1.500000e+00
4.459459e+00, 9.943389e+00, 1.499774e+00, 1.500000e+00
4.469469e+00, 9.988079e+00, 1.499783e+00, 1.500000e+00
4.479479e+00, 1.003287e+01, 1.499792e+00, 1.500000e+00
4.489489e+00, 1.007776e+01, 1.499801e+00, 1.500000e+00
4.499499e+00, 1.012275e+01, 1.499810e+00, 1.500000e+00
4.509510e+00, 1.016784e+01, 1.499818e+00, 1.500000e+00
4.519520e+00, 1.021303e+01, 1.499826e+00, 1.500000e+00
4.529530e+00, 1.025832e+01, 1.499833e+00, 1.500000e+00
4.539540e+00, 1.030371e+01, 1.499840e+00, 1.500000e+00
4.549550e+00, 1.034920e+01, 1.499847e+00, 1.500000e+00
4.559560e+00, 1.039479e+01, 1.499854e+00, 1.500000e+00
4.569570e+00, 1.044048e+01, 1.499860e+00, 1.500000e+00
4.579580e+00, 1.048627e+01, 1.499866e+00, 1.500000e+00
4.589590e+00, 1.053217e+01, 1.499872e+00, 1.500000e+00
4.599600e+00, 1.057816e+01, 1.499878e+00, 1.500000e+00
4.609610e+00, 1.062425e+01, 1.499883e+00, 1.500000e+00
4.619620e+00, 1.067044e+01, 1.499889e+00, 1.500000e+00
4.629630e+00, 1.071674e+01, 1.499894e+00, 1.500000e+00
4.639640e+00, 1.076313e+01, 1.499898e+00, 1.500000e+00
4.649650e+00, 1.080962e+01, 1.499903e+00, 1.500000e+00
4.659660e+00, 1.085621e+01, 1.499908e+00, 1.500000e+00
4.669670e+00, 1.090291e+01, 1.499912e+00, 1.500000e+00
4.679680e+00, 1.094970e+01, 1.499916e+00, 1.500000e+00
4.689690e+00, 1.099659e+01, 1.499920e+00, 1.500000e+00
4.699700e+00, 1.104359e+01, 1.499924e+00, 1.500000e+00
4.709710e+00, 1.109068e+01, 1.499927e+00, 1.500000e+00
4.719720e+00, 1.113788e+01, 1.499931e+00, 1.500000e+00
4.729730e+00, 1.118517e+01, 1.499934e+00, 1.500000e+00
4.739740e+00, 1.123257e+01, 1.499938e+00, 1.500000e+00
4.749750e+00, 1.128006e+01, 1.499941e+00, 1.500000e+00
4.759760e+00, 1.132766e+01, 1.499944e+00, 1.500000e+00
4.769770e+00, 1.137535e+01, 1.499947e+00, 1.500000e+00
4.779780e+00, 1.142315e+01, 1.499950e+00, 1.500000e+00
4.789790e+00, 1.147104e+01, 1.499952e+00, 1.500000e+00
4.799800e+00, 1.151904e+01, 1.499955e+00, 1.500000e+00
4.809810e+00, 1.156714e+01, 1.499957e+00, 1.500000e+00
4.819820e+00, 1.161533e+01, 1.499960e+00, 1.500000e+00
4.829830e+00, 1.166363e+01, 1.499962e+00, 1.500000e+00
4.839840e+00, 1.171202e+01, 1.499964e+00, 1.500000e+00
4.849850e+00, 1.176052e+01, 1.499967e+00, 1.500000e+00
4.859860e+00, 1.180912e+01, 1.499969e+00, 1.500000e+00
4.869870e+00, 1.185782e+01, 1.499971e+00, 1.500000e+00
4.879880e+00, 1.190661e+01, 1.499973e+00, 1.500000e+00
4.889890e+00, 1.195551e+01, 1.499975e+00, 1.500000e+00
4.899900e+00, 1.200451e+01, 1.499977e+00, 1.500000e+00
4.909910e+00, 1.205361e+01, 1.499979e+00, 1.500000e+00
4.919920e+00, 1.210281e+01, 1.499980e+00, 1.500000e+00
4.929930e+00, 1.215210e+01, 1.499982e+00, 1.500000e+00
4.939940e+00, 1.220150e+01, 1.499984e+00, 1.500000e+00
4.949950e+00, 1.225100e+01, 1.499986e+00, 1.500000e+00
4.959960e+00, 1.230060e+01, 1.499987e+00, 1.500000e+00
4.969970e+00, 1.235030e+01, 1.499989e+00, 1.500000e+00
4.979980e+00, 1.240010e+01, 1.499991e+00, 1.500000e+00
4.989990e+00, 1.245000e+01, 1.499992e+00, 1.500000e+00
5.000000e+00, 1.250000e+01, 1.499994e+00, 1.500000e+00
