# E = 3.5
# x, V(x), E + psi, E + |psi|^2
-5.000000e+00, 1.250000e+01, 3.500631e+00, 3.500000e+00
-4.989990e+00, 1.245000e+01, 3.500638e+00, 3.500000e+00
-4.979980e+00, 1.240010e+01, 3.500646e+00, 3.500000e+00
-4.969970e+00, 1.235030e+01, 3.500655e+00, 3.500000e+00
-4.959960e+00, 1.230060e+01, 3.500666e+00, 3.500000e+00
-4.949950e+00, 1.225100e+01, 3.500677e+00, 3.500000e+00
-4.939940e+00, 1.220150e+01, 3.500690e+00, 3.500000e+00
-4.929930e+00, 1.215210e+01, 3.500704e+00, 3.500000e+00
-4.919920e+00, 1.210281e+01, 3.500719e+00, 3.500001e+00
-4.909910e+00, 1.205361e+01, 3.500736e+00, 3.500001e+00
-4.899900e+00, 1.200451e+01, 3.500753e+00, 3.500001e+00
-4.889890e+00, 1.195551e+01, 3.500772e+00, 3.500001e+00
-4.879880e+00, 1.190661e+01, 3.500792e+00, 3.500001e+00
-4.869870e+00, 1.185782e+01, 3.500814e+00, 3.500001e+00
-4.859860e+00, 1.180912e+01, 3.500837e+00, 3.500001e+00
-4.849850e+00, 1.176052e+01, 3.500861e+00, 3.500001e+00
-4.839840e+00, 1.171202e+01, 3.500887e+00, 3.500001e+00
-4.829830e+00, 1.166363e+01, 3.500914e+00, 3.500001e+00
-4.819820e+00, 1.161533e+01, 3.500943e+00, 3.500001e+00
-4.809810e+00, 1.156714e+01, 3.500973e+00, 3.500001e+00
-4.799800e+00, 1.151904e+01, 3.501005e+00, 3.500001e+00
-4.789790e+00, 1.147104e+01, 3.501038e+00, 3.500001e+00
-4.779780e+00, 1.142315e+01, 3.501073e+00, 3.500001e+00
-4.769770e+00, 1.137535e+01, 3.501110e+00, 3.500001e+00
-4.759760e+00, 1.132766e+01, 3.501149e+00, 3.500001e+00
-4.749750e+00, 1.128006e+01, 3.501189e+00, 3.500001e+00
-4.739740e+00, 1.123257e+01, 3.501231e+00, 3.500002e+00
-4.729730e+00, 1.118517e+01, 3.501275e+00, 3.500002e+00
-4.719720e+00, 1.113788e+01, 3.501321e+00, 3.500002e+00
-4.709710e+00, 1.109068e+01, 3.501369e+00, 3.500002e+00
-4.699700e+00, 1.104359e+01, 3.501420e+00, 3.500002e+00
-4.689690e+00, 1.099659e+01, 3.501472e+00, 3.500002e+00
-4.679680e+00, 1.094970e+01, 3.501527e+00, 3.500002e+00
-4.669670e+00, 1.090291e+01, 3.501583e+00, 3.500003e+00
-4.659660e+00, 1.085621e+01, 3.501642e+00, 3.500003e+00
-4.649650e+00, 1.080962e+01, 3.501704e+00, 3.500003e+00
-4.639640e+00, 1.076313e+01, 3.501768e+00, 3.500003e+00
-4.629630e+00, 1.071674e+01, 3.501835e+00, 3.500003e+00
-4.619620e+00, 1.067044e+01, 3.501904e+00, 3.500004e+00
-4.609610e+00, 1.062425e+01, 3.501976e+00, 3.500004e+00
-4.599600e+00, 1.057816e+01, 3.502051e+00, 3.500004e+00
-4.589590e+00, 1.053217e+01, 3.502129e+00, 3.500005e+00
-4.579580e+00, 1.048627e+01, 3.502210e+00, 3.500005e+00
-4.569570e+00, 1.044048e+01, 3.502293e+00, 3.500005e+00
-4.559560e+00, 1.039479e+01, 3.502380e+00, 3.500006e+00
-4.549550e+00, 1.034920e+01, 3.502471e+00, 3.500006e+00
-4.539540e+00, 1.030371e+01, 3.502565e+00, 3.500007e+00
-4.529530e+00, 1.025832e+01, 3.502662e+00, 3.500007e+00
-4.519520e+00, 1.021303e+01, 3.502763e+00, 3.500008e+00
-4.509510e+00, 1.016784e+01, 3.502867e+00, 3.500008e+00
-4.499499e+00, 1.012275e+01, 3.502976e+00, 3.500009e+00
-4.489489e+00, 1.007776e+01, 3.503088e+00, 3.500010e+00
-4.479479e+00, 1.003287e+01, 3.503204e+00, 3.500010e+00
-4.469469e+00, 9.988079e+00, 3.503325e+00, 3.500011e+00
-4.459459e+00, 9.943389e+00, 3.503450e+00, 3.500012e+00
-4.449449e+00, 9.898800e+00, 3.503579e+00, 3.500013e+00
-4.439439e+00, 9.854311e+00, 3.503713e+00, 3.500014e+00
-4.429429e+00, 9.809923e+00, 3.503852e+00, 3.500015e+00
-4.419419e+00, 9.765634e+00, 3.503996e+00, 3.500016e+00
-4.409409e+00, 9.721446e+00, 3.504144e+00, 3.500017e+00
-4.399399e+00, 9.677358e+00, 3.504298e+00, 3.500018e+00
-4.389389e+00, 9.633370e+00, 3.504457e+00, 3.500020e+00
-4.379379e+00, 9.589482e+00, 3.504621e+00, 3.500021e+00
-4.369369e+00, 9.545694e+00, 3.504792e+00, 3.500023e+00
-4.359359e+00, 9.502007e+00, 3.504968e+00, 3.500025e+00
-4.349349e+00, 9.458420e+00, 3.505150e+00, 3.500027e+00
-4.339339e+00, 9.414933e+00, 3.505338e+00, 3.500028e+00
-4.329329e+00, 9.371546e+00, 3.505532e+00, 3.500031e+00
-4.319319e+00, 9.328260e+00, 3.505733e+00, 3.500033e+00
-4.309309e+00, 9.285073e+00, 3.505941e+00, 3.500035e+00
-4.299299e+00, 9.241987e+00, 3.506155e+00, 3.500038e+00
-4.289289e+00, 9.199001e+00, 3.506377e+00, 3.500041e+00
-4.279279e+00, 9.156116e+00, 3.506606e+00, 3.500044e+00
-4.269269e+00, 9.113330e+00, 3.506842e+00, 3.500047e+00
-4.259259e+00, 9.070645e+00, 3.507087e+00, 3.500050e+00
-4.249249e+00, 9.028060e+00, 3.507339e+00, 3.500054e+00
-4.239239e+00, 8.985575e+00, 3.507599e+00, 3.500058e+00
-4.229229e+00, 8.943190e+00, 3.507867e+00, 3.500062e+00
-4.219219e+00, 8.900905e+00, 3.508144e+00, 3.500066e+00
-4.209209e+00, 8.858721e+00, 3.508430e+00, 3.500071e+00
-4.199199e+00, 8.816637e+00, 3.508725e+00, 3.500076e+00
-4.189189e+00, 8.774653e+00, 3.509029e+00, 3.500082e+00
-4.179179e+00, 8.732769e+00, 3.509343e+00, 3.500087e+00
-4.169169e+00, 8.690986e+00, 3.509667e+00, 3.500093e+00
-4.159159e+00, 8.649302e+00, 3.510000e+00, 3.500100e+00
-4.149149e+00, 8.607719e+00, 3.510344e+00, 3.500107e+00
-4.139139e+00, 8.566236e+00, 3.510699e+00, 3.500114e+00
-4.129129e+00, 8.524854e+00, 3.511064e+00, 3.500122e+00
-4.119119e+00, 8.483571e+00, 3.511441e+00, 3.500131e+00
-4.109109e+00, 8.442389e+00, 3.511829e+00, 3.500140e+00
-4.099099e+00, 8.401307e+00, 3.512229e+00, 3.500150e+00
-4.089089e+00, 8.360325e+00, 3.512640e+00, 3.500160e+00
-4.079079e+00, 8.319443e+00, 3.513064e+00, 3.500171e+00
-4.069069e+00, 8.278662e+00, 3.513501e+00, 3.500182e+00
-4.059059e+00, 8.237980e+00, 3.513950e+00, 3.500195e+00
-4.049049e+00, 8.197399e+00, 3.514413e+00, 3.500208e+00
-4.039039e+00, 8.156918e+00, 3.514890e+00, 3.500222e+00
-4.029029e+00, 8.116537e+00, 3.515380e+00, 3.500237e+00
-4.019019e+00, 8.076257e+00, 3.515885e+00, 3.500252e+00
-4.009009e+00, 8.036077e+00, 3.516404e+00, 3.500269e+00
-3.998999e+00, 7.995996e+00, 3.516938e+00, 3.500287e+00
-3.988989e+00, 7.956017e+00, 3.517487e+00, 3.500306e+00
-3.978979e+00, 7.916137e+00, 3.518052e+00, 3.500326e+00
-3.968969e+00, 7.876357e+00, 3.518633e+00, 3.500347e+00
-3.958959e+00, 7.836678e+00, 3.519230e+00, 3.500370e+00
-3.948949e+00, 7.797099e+00, 3.519844e+00, 3.500394e+00
-3.938939e+00, 7.757620e+00, 3.520475e+00, 3.500419e+00
-3.928929e+00, 7.718241e+00, 3.521123e+00, 3.500446e+00
-3.918919e+00, 7.678963e+00, 3.521789e+00, 3.500475e+00
-3.908909e+00, 7.639784e+00, 3.522474e+00, 3.500505e+00
-3.898899e+00, 7.600706e+00, 3.523177e+00, 3.500537e+00
-3.888889e+00, 7.561728e+00, 3.523899e+00, 3.500571e+00
-3.878879e+00, 7.522851e+00, 3.524641e+00, 3.500607e+00
-3.868869e+00, 7.484073e+00, 3.525403e+00, 3.500645e+00
-3.858859e+00, 7.445396e+00, 3.526185e+00, 3.500686e+00
-3.848849e+00, 7.406819e+00, 3.526987e+00, 3.500728e+00
-3.838839e+00, 7.368342e+00, 3.527811e+00, 3.500773e+00
-3.828829e+00, 7.329965e+00, 3.528656e+00, 3.500821e+00
-3.818819e+00, 7.291689e+00, 3.529523e+00, 3.500872e+00
-3.808809e+00, 7.253512e+00, 3.530413e+00, 3.500925e+00
-3.798799e+00, 7.215436e+00, 3.531326e+00, 3.500981e+00
-3.788789e+00, 7.177460e+00, 3.532261e+00, 3.501041e+00
-3.778779e+00, 7.139585e+00, 3.533221e+00, 3.501104e+00
-3.768769e+00, 7.101809e+00, 3.534205e+00, 3.501170e+00
-3.758759e+00, 7.064134e+00, 3.535214e+00, 3.501240e+00
-3.748749e+00, 7.026559e+00, 3.536247e+00, 3.501314e+00
-3.738739e+00, 6.989084e+00, 3.537307e+00, 3.501392e+00
-3.728729e+00, 6.951709e+00, 3.538392e+00, 3.501474e+00
-3.718719e+00, 6.914434e+00, 3.539504e+00, 3.501561e+00
-3.708709e+00, 6.877260e+00, 3.540643e+00, 3.501652e+00
-3.698699e+00, 6.840186e+00, 3.541810e+00, 3.501748e+00
-3.688689e+00, 6.803212e+00, 3.543004e+00, 3.501849e+00
-3.678679e+00, 6.766338e+00, 3.544227e+00, 3.501956e+00
-3.668669e+00, 6.729565e+00, 3.545479e+00, 3.502068e+00
-3.658659e+00, 6.692892e+00, 3.546760e+00, 3.502187e+00
-3.648649e+00, 6.656318e+00, 3.548072e+00, 3.502311e+00
-3.638639e+00, 6.619846e+00, 3.549413e+00, 3.502442e+00
-3.628629e+00, 6.583473e+00, 3.550786e+00, 3.502579e+00
-3.618619e+00, 6.547200e+00, 3.552190e+00, 3.502724e+00
-3.608609e+00, 6.511028e+00, 3.553626e+00, 3.502876e+00
-3.598599e+00, 6.474956e+00, 3.555094e+00, 3.503035e+00
-3.588589e+00, 6.438984e+00, 3.556595e+00, 3.503203e+00
-3.578579e+00, 6.403112e+00, 3.558129e+00, 3.503379e+00
-3.568569e+00, 6.367341e+00, 3.559698e+00, 3.503564e+00
-3.558559e+00, 6.331670e+00, 3.561300e+00, 3.503758e+00
-3.548549e+00, 6.296098e+00, 3.562937e+00, 3.503961e+00
-3.538539e+00, 6.260627e+00, 3.564610e+00, 3.504174e+00
-3.528529e+00, 6.225257e+00, 3.566318e+00, 3.504398e+00
-3.518519e+00, 6.189986e+00, 3.568063e+00, 3.504633e+00
-3.508509e+00, 6.154816e+00, 3.569844e+00, 3.504878e+00
-3.498498e+00, 6.119746e+00, 3.571662e+00, 3.505135e+00
-3.488488e+00, 6.084776e+00, 3.573518e+00, 3.505405e+00
-3.478478e+00, 6.049906e+00, 3.575412e+00, 3.505687e+00
-3.468468e+00, 6.015137e+00, 3.577345e+00, 3.505982e+00
-3.458458e+00, 5.980467e+00, 3.579317e+00, 3.506291e+00
-3.448448e+00, 5.945898e+00, 3.581328e+00, 3.506614e+00
-3.438438e+00, 5.911429e+00, 3.583378e+00, 3.506952e+00
-3.428428e+00, 5.877061e+00, 3.585470e+00, 3.507305e+00
-3.418418e+00, 5.842792e+00, 3.587602e+00, 3.507674e+00
-3.408408e+00, 5.808624e+00, 3.589775e+00, 3.508059e+00
-3.398398e+00, 5.774556e+00, 3.591989e+00, 3.508462e+00
-3.388388e+00, 5.740588e+00, 3.594246e+00, 3.508882e+00
-3.378378e+00, 5.706720e+00, 3.596544e+00, 3.509321e+00
-3.368368e+00, 5.672953e+00, 3.598886e+00, 3.509778e+00
-3.358358e+00, 5.639285e+00, 3.601270e+00, 3.510256e+00
-3.348348e+00, 5.605718e+00, 3.603698e+00, 3.510753e+00
-3.338338e+00, 5.572251e+00, 3.606170e+00, 3.511272e+00
-3.328328e+00, 5.538885e+00, 3.608686e+00, 3.511813e+00
-3.318318e+00, 5.505618e+00, 3.611246e+00, 3.512376e+00
-3.308308e+00, 5.472452e+00, 3.613851e+00, 3.512962e+00
-3.298298e+00, 5.439386e+00, 3.616501e+00, 3.513572e+00
-3.288288e+00, 5.406420e+00, 3.619196e+00, 3.514208e+00
-3.278278e+00, 5.373554e+00, 3.621937e+00, 3.514869e+00
-3.268268e+00, 5.340789e+00, 3.624723e+00, 3.515556e+00
-3.258258e+00, 5.308123e+00, 3.627556e+00, 3.516271e+00
-3.248248e+00, 5.275558e+00, 3.630435e+00, 3.517013e+00
-3.238238e+00, 5.243093e+00, 3.633360e+00, 3.517785e+00
-3.228228e+00, 5.210729e+00, 3.636332e+00, 3.518586e+00
-3.218218e+00, 5.178464e+00, 3.639350e+00, 3.519418e+00
-3.208208e+00, 5.146300e+00, 3.642415e+00, 3.520282e+00
-3.198198e+00, 5.114236e+00, 3.645528e+00, 3.521178e+00
-3.188188e+00, 5.082272e+00, 3.648687e+00, 3.522108e+00
-3.178178e+00, 5.050408e+00, 3.651894e+00, 3.523072e+00
-3.168168e+00, 5.018645e+00, 3.655147e+00, 3.524071e+00
-3.158158e+00, 4.986981e+00, 3.658448e+00, 3.525106e+00
-3.148148e+00, 4.955418e+00, 3.661797e+00, 3.526178e+00
-3.138138e+00, 4.923955e+00, 3.665192e+00, 3.527288e+00
-3.128128e+00, 4.892593e+00, 3.668634e+00, 3.528438e+00
-3.118118e+00, 4.861330e+00, 3.672124e+00, 3.529627e+00
-3.108108e+00, 4.830168e+00, 3.675661e+00, 3.530857e+00
-3.098098e+00, 4.799106e+00, 3.679244e+00, 3.532128e+00
-3.088088e+00, 4.768144e+00, 3.682874e+00, 3.533443e+00
-3.078078e+00, 4.737282e+00, 3.686550e+00, 3.534801e+00
-3.068068e+00, 4.706521e+00, 3.690273e+00, 3.536204e+00
-3.058058e+00, 4.675860e+00, 3.694042e+00, 3.537652e+00
-3.048048e+00, 4.645298e+00, 3.697856e+00, 3.539147e+00
-3.038038e+00, 4.614838e+00, 3.701716e+00, 3.540689e+00
-3.028028e+00, 4.584477e+00, 3.705621e+00, 3.542280e+00
-3.018018e+00, 4.554216e+00, 3.709571e+00, 3.543920e+00
-3.008008e+00, 4.524056e+00, 3.713565e+00, 3.545610e+00
-2.997998e+00, 4.493996e+00, 3.717602e+00, 3.547351e+00
-2.987988e+00, 4.464036e+00, 3.721683e+00, 3.549143e+00
-2.977978e+00, 4.434176e+00, 3.725807e+00, 3.550989e+00
-2.967968e+00, 4.404417e+00, 3.729973e+00, 3.552888e+00
-2.957958e+00, 4.374758e+00, 3.734181e+00, 3.554841e+00
-2.947948e+00, 4.345199e+00, 3.738430e+00, 3.556849e+00
-2.937938e+00, 4.315740e+00, 3.742719e+00, 3.558913e+00
-2.927928e+00, 4.286381e+00, 3.747048e+00, 3.561033e+00
-2.917918e+00, 4.257122e+00, 3.751416e+00, 3.563210e+00
-2.907908e+00, 4.227964e+00, 3.755822e+00, 3.565445e+00
-2.897898e+00, 4.198906e+00, 3.760265e+00, 3.567738e+00
-2.887888e+00, 4.169948e+00, 3.764745e+00, 3.570090e+00
-2.877878e+00, 4.141091e+00, 3.769260e+00, 3.572501e+00
-2.867868e+00, 4.112333e+00, 3.773810e+00, 3.574972e+00
-2.857858e+00, 4.083676e+00, 3.778394e+00, 3.577503e+00
-2.847848e+00, 4.055119e+00, 3.783010e+00, 3.580095e+00
-2.837838e+00, 4.026662e+00, 3.787657e+00, 3.582747e+00
-2.827828e+00, 3.998305e+00, 3.792335e+00, 3.585460e+00
-2.817818e+00, 3.970049e+00, 3.797042e+00, 3.588234e+00
-2.807808e+00, 3.941892e+00, 3.801778e+00, 3.591070e+00
-2.797798e+00, 3.913836e+00, 3.806539e+00, 3.593966e+00
-2.787788e+00, 3.885880e+00, 3.811326e+00, 3.596924e+00
-2.777778e+00, 3.858025e+00, 3.816138e+00, 3.599943e+00
-2.767768e+00, 3.830269e+00, 3.820972e+00, 3.603023e+00
-2.757758e+00, 3.802614e+00, 3.825827e+00, 3.606163e+00
-2.747748e+00, 3.775059e+00, 3.830702e+00, 3.609364e+00
-2.737738e+00, 3.747604e+00, 3.835595e+00, 3.612624e+00
-2.727728e+00, 3.720249e+00, 3.840505e+00, 3.615944e+00
-2.717718e+00, 3.692995e+00, 3.845430e+00, 3.619322e+00
-2.707708e+00, 3.665841e+00, 3.850368e+00, 3.622758e+00
-2.697698e+00, 3.638786e+00, 3.855318e+00, 3.626251e+00
-2.687688e+00, 3.611833e+00, 3.860277e+00, 3.629800e+00
-2.677678e+00, 3.584979e+00, 3.865245e+00, 3.633404e+00
-2.667668e+00, 3.558225e+00, 3.870219e+00, 3.637062e+00
-2.657658e+00, 3.531572e+00, 3.875198e+00, 3.640773e+00
-2.647648e+00, 3.505019e+00, 3.880178e+00, 3.644535e+00
-2.637638e+00, 3.478566e+00, 3.885159e+00, 3.648348e+00
-2.627628e+00, 3.452213e+00, 3.890139e+00, 3.652208e+00
-2.617618e+00, 3.425961e+00, 3.895114e+00, 3.656115e+00
-2.607608e+00, 3.399809e+00, 3.900084e+00, 3.660067e+00
-2.597598e+00, 3.373757e+00, 3.905046e+00, 3.664062e+00
-2.587588e+00, 3.347805e+00, 3.909997e+00, 3.668098e+00
-2.577578e+00, 3.321953e+00, 3.914936e+00, 3.672172e+00
-2.567568e+00, 3.296202e+00, 3.919861e+00, 3.676283e+00
-2.557558e+00, 3.270550e+00, 3.924768e+00, 3.680428e+00
-2.547548e+00, 3.244999e+00, 3.929655e+00, 3.684604e+00
-2.537538e+00, 3.219548e+00, 3.934521e+00, 3.688808e+00
-2.527528e+00, 3.194198e+00, 3.939362e+00, 3.693039e+00
-2.517518e+00, 3.168947e+00, 3.944176e+00, 3.697292e+00
-2.507508e+00, 3.143797e+00, 3.948961e+00, 3.701566e+00
-2.497497e+00, 3.118747e+00, 3.953714e+00, 3.705856e+00
-2.487487e+00, 3.093797e+00, 3.958432e+00, 3.710159e+00
-2.477477e+00, 3.068947e+00, 3.963112e+00, 3.714473e+00
-2.467467e+00, 3.044198e+00, 3.967753e+00, 3.718793e+00
-2.457457e+00, 3.019549e+00, 3.972351e+00, 3.723115e+00
-2.447447e+00, 2.995000e+00, 3.976903e+00, 3.727437e+00
-2.437437e+00, 2.970551e+00, 3.981408e+00, 3.731753e+00
-2.427427e+00, 2.946202e+00, 3.985861e+00, 3.736061e+00
-2.417417e+00, 2.921953e+00, 3.990260e+00, 3.740355e+00
-2.407407e+00, 2.897805e+00, 3.994602e+00, 3.744631e+00
-2.397397e+00, 2.873757e+00, 3.998885e+00, 3.748886e+00
-2.387387e+00, 2.849809e+00, 4.003105e+00, 3.753115e+00
-2.377377e+00, 2.825962e+00, 4.007260e+00, 3.757312e+00
-2.367367e+00, 2.802214e+00, 4.011346e+00, 3.761474e+00
-2.357357e+00, 2.778567e+00, 4.015360e+00, 3.765596e+00
-2.347347e+00, 2.755020e+00, 4.019300e+00, 3.769673e+00
-2.337337e+00, 2.731573e+00, 4.023163e+00, 3.773699e+00
-2.327327e+00, 2.708226e+00, 4.026945e+00, 3.777671e+00
-2.317317e+00, 2.684980e+00, 4.030643e+00, 3.781582e+00
-2.307307e+00, 2.661834e+00, 4.034254e+00, 3.785428e+00
-2.297297e+00, 2.638787e+00, 4.037776e+00, 3.789203e+00
-2.287287e+00, 2.615842e+00, 4.041205e+00, 3.792903e+00
-2.277277e+00, 2.592996e+00, 4.044539e+00, 3.796522e+00
-2.267267e+00, 2.570250e+00, 4.047773e+00, 3.800055e+00
-2.257257e+00, 2.547605e+00, 4.050905e+00, 3.803496e+00
-2.247247e+00, 2.525060e+00, 4.053932e+00, 3.806841e+00
-2.237237e+00, 2.502615e+00, 4.056851e+00, 3.810083e+00
-2.227227e+00, 2.480271e+00, 4.059658e+00, 3.813217e+00
-2.217217e+00, 2.458026e+00, 4.062351e+00, 3.816239e+00
-2.207207e+00, 2.435882e+00, 4.064927e+00, 3.819143e+00
-2.197197e+00, 2.413838e+00, 4.067382e+00, 3.821923e+00
-2.187187e+00, 2.391894e+00, 4.069714e+00, 3.824574e+00
-2.177177e+00, 2.370050e+00, 4.071919e+00, 3.827092e+00
-2.167167e+00, 2.348307e+00, 4.073995e+00, 3.829470e+00
-2.157157e+00, 2.326664e+00, 4.075938e+00, 3.831705e+00
-2.147147e+00, 2.305120e+00, 4.077746e+00, 3.833790e+00
-2.137137e+00, 2.283678e+00, 4.079415e+00, 3.835722e+00
-2.127127e+00, 2.262335e+00, 4.080944e+00, 3.837495e+00
-2.117117e+00, 2.241092e+00, 4.082328e+00, 3.839106e+00
-2.107107e+00, 2.219950e+00, 4.083565e+00, 3.840548e+00
-2.097097e+00, 2.198908e+00, 4.084652e+00, 3.841818e+00
-2.087087e+00, 2.177966e+00, 4.085588e+00, 3.842913e+00
-2.077077e+00, 2.157125e+00, 4.086367e+00, 3.843827e+00
-2.067067e+00, 2.136383e+00, 4.086990e+00, 3.844557e+00
-2.057057e+00, 2.115742e+00, 4.087451e+00, 3.845099e+00
-2.047047e+00, 2.095201e+00, 4.087750e+00, 3.845450e+00
-2.037037e+00, 2.074760e+00, 4.087884e+00, 3.845607e+00
-2.027027e+00, 2.054419e+00, 4.087849e+00, 3.845566e+00
-2.017017e+00, 2.034179e+00, 4.087644e+00, 3.845326e+00
-2.007007e+00, 2.014039e+00, 4.087267e+00, 3.844882e+00
-1.996997e+00, 1.993999e+00, 4.086714e+00, 3.844234e+00
-1.986987e+00, 1.974059e+00, 4.085985e+00, 3.843378e+00
-1.976977e+00, 1.954219e+00, 4.085076e+00, 3.842314e+00
-1.966967e+00, 1.934480e+00, 4.083986e+00, 3.841040e+00
-1.956957e+00, 1.914840e+00, 4.082713e+00, 3.839555e+00
-1.946947e+00, 1.895301e+00, 4.081255e+00, 3.837858e+00
-1.936937e+00, 1.875862e+00, 4.079610e+00, 3.835948e+00
-1.926927e+00, 1.856524e+00, 4.077776e+00, 3.833826e+00
-1.916917e+00, 1.837285e+00, 4.075752e+00, 3.831491e+00
-1.906907e+00, 1.818147e+00, 4.073537e+00, 3.828944e+00
-1.896897e+00, 1.799109e+00, 4.071127e+00, 3.826187e+00
-1.886887e+00, 1.780171e+00, 4.068524e+00, 3.823219e+00
-1.876877e+00, 1.761333e+00, 4.065724e+00, 3.820044e+00
-1.866867e+00, 1.742596e+00, 4.062727e+00, 3.816662e+00
-1.856857e+00, 1.723959e+00, 4.059532e+00, 3.813076e+00
-1.846847e+00, 1.705422e+00, 4.056138e+00, 3.809289e+00
-1.836837e+00, 1.686985e+00, 4.052544e+00, 3.805305e+00
-1.826827e+00, 1.668648e+00, 4.048749e+00, 3.801125e+00
-1.816817e+00, 1.650412e+00, 4.044753e+00, 3.796755e+00
-1.806807e+00, 1.632275e+00, 4.040554e+00, 3.792199e+00
-1.796797e+00, 1.614239e+00, 4.036154e+00, 3.787461e+00
-1.786787e+00, 1.596304e+00, 4.031551e+00, 3.782546e+00
-1.776777e+00, 1.578468e+00, 4.026745e+00, 3.777460e+00
-1.766767e+00, 1.560732e+00, 4.021736e+00, 3.772209e+00
-1.756757e+00, 1.543097e+00, 4.016525e+00, 3.766798e+00
-1.746747e+00, 1.525562e+00, 4.011111e+00, 3.761234e+00
-1.736737e+00, 1.508127e+00, 4.005494e+00, 3.755525e+00
-1.726727e+00, 1.490793e+00, 3.999676e+00, 3.749677e+00
-1.716717e+00, 1.473558e+00, 3.993657e+00, 3.743697e+00
-1.706707e+00, 1.456424e+00, 3.987438e+00, 3.737595e+00
-1.696697e+00, 1.439390e+00, 3.981018e+00, 3.731379e+00
-1.686687e+00, 1.422456e+00, 3.974400e+00, 3.725056e+00
-1.676677e+00, 1.405622e+00, 3.967585e+00, 3.718636e+00
-1.666667e+00, 1.388889e+00, 3.960573e+00, 3.712128e+00
-1.656657e+00, 1.372256e+00, 3.953367e+00, 3.705542e+00
-1.646647e+00, 1.355723e+00, 3.945967e+00, 3.698887e+00
-1.636637e+00, 1.339290e+00, 3.938376e+00, 3.692173e+00
-1.626627e+00, 1.322957e+00, 3.930595e+00, 3.685412e+00
-1.616617e+00, 1.306725e+00, 3.922625e+00, 3.678612e+00
-1.606607e+00, 1.290592e+00, 3.914471e+00, 3.671786e+00
-1.596597e+00, 1.274560e+00, 3.906132e+00, 3.664943e+00
-1.586587e+00, 1.258628e+00, 3.897613e+00, 3.658096e+00
-1.576577e+00, 1.242797e+00, 3.888915e+00, 3.651255e+00
-1.566567e+00, 1.227065e+00, 3.880041e+00, 3.644431e+00
-1.556557e+00, 1.211434e+00, 3.870994e+00, 3.637636e+00
-1.546547e+00, 1.195903e+00, 3.861777e+00, 3.630882e+00
-1.536537e+00, 1.180472e+00, 3.852393e+00, 3.624181e+00
-1.526527e+00, 1.165142e+00, 3.842845e+00, 3.617542e+00
-1.516517e+00, 1.149911e+00, 3.833136e+00, 3.610980e+00
-1.506507e+00, 1.134781e+00, 3.823271e+00, 3.604504e+00
-1.496496e+00, 1.119751e+00, 3.813252e+00, 3.598127e+00
-1.486486e+00, 1.104821e+00, 3.803085e+00, 3.591860e+00
-1.476476e+00, 1.089991e+00, 3.792771e+00, 3.585715e+00
-1.466466e+00, 1.075262e+00, 3.782316e+00, 3.579703e+00
-1.456456e+00, 1.060633e+00, 3.771724e+00, 3.573834e+00
-1.446446e+00, 1.046104e+00, 3.761000e+00, 3.568121e+00
-1.436436e+00, 1.031675e+00, 3.750147e+00, 3.562573e+00
-1.426426e+00, 1.017346e+00, 3.739170e+00, 3.557202e+00
-1.416416e+00, 1.003118e+00, 3.728074e+00, 3.552018e+00
-1.406406e+00, 9.889895e-01, 3.716864e+00, 3.547030e+00
-1.396396e+00, 9.749614e-01, 3.705545e+00, 3.542249e+00
-1.386386e+00, 9.610336e-01, 3.694122e+00, 3.537683e+00
-1.376376e+00, 9.472060e-01, 3.682600e+00, 3.533343e+00
-1.366366e+00, 9.334785e-01, 3.670985e+00, 3.529236e+00
-1.356356e+00, 9.198513e-01, 3.659282e+00, 3.525371e+00
-1.346346e+00, 9.063242e-01, 3.647496e+00, 3.521755e+00
-1.336336e+00, 8.928974e-01, 3.635634e+00, 3.518397e+00
-1.326326e+00, 8.795708e-01, 3.623701e+00, 3.515302e+00
-1.316316e+00, 8.663443e-01, 3.611703e+00, 3.512478e+00
-1.306306e+00, 8.532181e-01, 3.599646e+00, 3.509929e+00
-1.296296e+00, 8.401920e-01, 3.587537e+00, 3.507663e+00
-1.286286e+00, 8.272662e-01, 3.575380e+00, 3.505682e+00
-1.276276e+00, 8.144406e-01, 3.563184e+00, 3.503992e+00
-1.266266e+00, 8.017151e-01, 3.550953e+00, 3.502596e+00
-1.256256e+00, 7.890899e-01, 3.538695e+00, 3.501497e+00
-1.246246e+00, 7.765649e-01, 3.526415e+00, 3.500698e+00
-1.236236e+00, 7.641400e-01, 3.514122e+00, 3.500199e+00
-1.226226e+00, 7.518154e-01, 3.501820e+00, 3.500003e+00
-1.216216e+00, 7.395909e-01, 3.489518e+00, 3.500110e+00
-1.206206e+00, 7.274667e-01, 3.477221e+00, 3.500519e+00
-1.196196e+00, 7.154427e-01, 3.464937e+00, 3.501229e+00
-1.186186e+00, 7.035188e-01, 3.452673e+00, 3.502240e+00
-1.176176e+00, 6.916952e-01, 3.440435e+00, 3.503548e+00
-1.166166e+00, 6.799718e-01, 3.428230e+00, 3.505151e+00
-1.156156e+00, 6.683485e-01, 3.416066e+00, 3.507045e+00
-1.146146e+00, 6.568255e-01, 3.403950e+00, 3.509226e+00
-1.136136e+00, 6.454027e-01, 3.391889e+00, 3.511688e+00
-1.126126e+00, 6.340800e-01, 3.379889e+00, 3.514427e+00
-1.116116e+00, 6.228576e-01, 3.367959e+00, 3.517435e+00
-1.106106e+00, 6.117354e-01, 3.356104e+00, 3.520706e+00
-1.096096e+00, 6.007133e-01, 3.344333e+00, 3.524232e+00
-1.086086e+00, 5.897915e-01, 3.332652e+00, 3.528005e+00
-1.076076e+00, 5.789699e-01, 3.321069e+00, 3.532016e+00
-1.066066e+00, 5.682484e-01, 3.309591e+00, 3.536256e+00
-1.056056e+00, 5.576272e-01, 3.298224e+00, 3.540714e+00
-1.046046e+00, 5.471062e-01, 3.286976e+00, 3.545379e+00
-1.036036e+00, 5.366853e-01, 3.275855e+00, 3.550241e+00
-1.026026e+00, 5.263647e-01, 3.264867e+00, 3.555288e+00
-1.016016e+00, 5.161443e-01, 3.254018e+00, 3.560507e+00
-1.006006e+00, 5.060240e-01, 3.243317e+00, 3.565886e+00
-9.959960e-01, 4.960040e-01, 3.232770e+00, 3.571412e+00
-9.859860e-01, 4.860842e-01, 3.222384e+00, 3.577071e+00
-9.759760e-01, 4.762646e-01, 3.212165e+00, 3.582849e+00
-9.659660e-01, 4.665451e-01, 3.202121e+00, 3.588732e+00
-9.559560e-01, 4.569259e-01, 3.192257e+00, 3.594705e+00
-9.459459e-01, 4.474069e-01, 3.182582e+00, 3.600754e+00
-9.359359e-01, 4.379880e-01, 3.173101e+00, 3.606863e+00
-9.259259e-01, 4.286694e-01, 3.163820e+00, 3.613017e+00
-9.159159e-01, 4.194510e-01, 3.154746e+00, 3.619200e+00
-9.059059e-01, 4.103328e-01, 3.145885e+00, 3.625397e+00
-8.958959e-01, 4.013147e-01, 3.137244e+00, 3.631592e+00
-8.858859e-01, 3.923969e-01, 3.128828e+00, 3.637769e+00
-8.758759e-01, 3.835793e-01, 3.120643e+00, 3.643912e+00
-8.658659e-01, 3.748618e-01, 3.112694e+00, 3.650006e+00
-8.558559e-01, 3.662446e-01, 3.104989e+00, 3.656034e+00
-8.458458e-01, 3.577276e-01, 3.097531e+00, 3.661981e+00
-8.358358e-01, 3.493108e-01, 3.090327e+00, 3.667832e+00
-8.258258e-01, 3.409941e-01, 3.083382e+00, 3.673571e+00
-8.158158e-01, 3.327777e-01, 3.076700e+00, 3.679183e+00
-8.058058e-01, 3.246615e-01, 3.070287e+00, 3.684653e+00
-7.957958e-01, 3.166455e-01, 3.064147e+00, 3.689968e+00
-7.857858e-01, 3.087297e-01, 3.058286e+00, 3.695112e+00
-7.757758e-01, 3.009140e-01, 3.052707e+00, 3.700071e+00
-7.657658e-01, 2.931986e-01, 3.047414e+00, 3.704834e+00
-7.557558e-01, 2.855834e-01, 3.042413e+00, 3.709386e+00
-7.457457e-01, 2.780684e-01, 3.037706e+00, 3.713716e+00
-7.357357e-01, 2.706535e-01, 3.033297e+00, 3.717811e+00
-7.257257e-01, 2.633389e-01, 3.029191e+00, 3.721661e+00
-7.157157e-01, 2.561245e-01, 3.025390e+00, 3.725254e+00
-7.057057e-01, 2.490103e-01, 3.021898e+00, 3.728582e+00
-6.956957e-01, 2.419963e-01, 3.018717e+00, 3.731633e+00
-6.856857e-01, 2.350824e-01, 3.015850e+00, 3.734401e+00
-6.756757e-01, 2.282688e-01, 3.013300e+00, 3.736877e+00
-6.656657e-01, 2.215554e-01, 3.011069e+00, 3.739053e+00
-6.556557e-01, 2.149422e-01, 3.009160e+00, 3.740924e+00
-6.456456e-01, 2.084291e-01, 3.007573e+00, 3.742484e+00
-6.356356e-01, 2.020163e-01, 3.006311e+00, 3.743729e+00
-6.256256e-01, 1.957037e-01, 3.005376e+00, 3.744653e+00
-6.156156e-01, 1.894913e-01, 3.004768e+00, 3.745255e+00
-6.056056e-01, 1.833791e-01, 3.004488e+00, 3.745532e+00
-5.955956e-01, 1.773671e-01, 3.004538e+00, 3.745482e+00
-5.855856e-01, 1.714552e-01, 3.004918e+00, 3.745106e+00
-5.755756e-01, 1.656436e-01, 3.005628e+00, 3.744404e+00
-5.655656e-01, 1.599322e-01, 3.006668e+00, 3.743376e+00
-5.555556e-01, 1.543210e-01, 3.008039e+00, 3.742026e+00
-5.455455e-01, 1.488100e-01, 3.009739e+00, 3.740356e+00
-5.355355e-01, 1.433992e-01, 3.011769e+00, 3.738370e+00
-5.255255e-01, 1.380885e-01, 3.014127e+00, 3.736073e+00
-5.155155e-01, 1.328781e-01, 3.016812e+00, 3.733471e+00
-5.055055e-01, 1.277679e-01, 3.019823e+00, 3.730570e+00
-4.954955e-01, 1.227579e-01, 3.023159e+00, 3.727377e+00
-4.854855e-01, 1.178481e-01, 3.026817e+00, 3.723902e+00
-4.754755e-01, 1.130385e-01, 3.030797e+00, 3.720152e+00
-4.654655e-01, 1.083290e-01, 3.035094e+00, 3.716137e+00
-4.554555e-01, 1.037198e-01, 3.039708e+00, 3.711869e+00
-4.454454e-01, 9.921082e-02, 3.044635e+00, 3.707357e+00
-4.354354e-01, 9.480201e-02, 3.049872e+00, 3.702615e+00
-4.254254e-01, 9.049340e-02, 3.055416e+00, 3.697655e+00
-4.154154e-01, 8.628498e-02, 3.061264e+00, 3.692489e+00
-4.054054e-01, 8.217677e-02, 3.067413e+00, 3.687132e+00
-3.953954e-01, 7.816876e-02, 3.073857e+00, 3.681598e+00
-3.853854e-01, 7.426095e-02, 3.080594e+00, 3.675901e+00
-3.753754e-01, 7.045334e-02, 3.087619e+00, 3.670058e+00
-3.653654e-01, 6.674593e-02, 3.094927e+00, 3.664084e+00
-3.553554e-01, 6.313871e-02, 3.102513e+00, 3.657996e+00
-3.453453e-01, 5.963170e-02, 3.110374e+00, 3.651809e+00
-3.353353e-01, 5.622489e-02, 3.118503e+00, 3.645540e+00
-3.253253e-01, 5.291828e-02, 3.126895e+00, 3.639207e+00
-3.153153e-01, 4.971187e-02, 3.135545e+00, 3.632827e+00
-3.053053e-01, 4.660566e-02, 3.144447e+00, 3.626418e+00
-2.952953e-01, 4.359966e-02, 3.153595e+00, 3.619996e+00
-2.852853e-01, 4.069385e-02, 3.162983e+00, 3.613580e+00
-2.752753e-01, 3.788824e-02, 3.172605e+00, 3.607187e+00
-2.652653e-01, 3.518283e-02, 3.182454e+00, 3.600836e+00
-2.552553e-01, 3.257762e-02, 3.192523e+00, 3.594542e+00
-2.452452e-01, 3.007262e-02, 3.202806e+00, 3.588324e+00
-2.352352e-01, 2.766781e-02, 3.213296e+00, 3.582199e+00
-2.252252e-01, 2.536320e-02, 3.223985e+00, 3.576185e+00
-2.152152e-01, 2.315879e-02, 3.234866e+00, 3.570296e+00
-2.052052e-01, 2.105459e-02, 3.245932e+00, 3.564551e+00
-1.951952e-01, 1.905058e-02, 3.257175e+00, 3.558964e+00
-1.851852e-01, 1.714678e-02, 3.268587e+00, 3.553552e+00
-1.751752e-01, 1.534317e-02, 3.280161e+00, 3.548329e+00
-1.651652e-01, 1.363977e-02, 3.291889e+00, 3.543310e+00
-1.551552e-01, 1.203656e-02, 3.303761e+00, 3.538510e+00
-1.451451e-01, 1.053356e-02, 3.315771e+00, 3.533940e+00
-1.351351e-01, 9.130752e-03, 3.327910e+00, 3.529615e+00
-1.251251e-01, 7.828148e-03, 3.340170e+00, 3.525546e+00
-1.151151e-01, 6.625745e-03, 3.352541e+00, 3.521744e+00
-1.051051e-01, 5.523542e-03, 3.365015e+00, 3.518221e+00
-9.509510e-02, 4.521539e-03, 3.377584e+00, 3.514986e+00
-8.508509e-02, 3.619736e-03, 3.390238e+00, 3.512048e+00
-7.507508e-02, 2.818133e-03, 3.402970e+00, 3.509415e+00
-6.506507e-02, 2.116731e-03, 3.415769e+00, 3.507095e+00
-5.505506e-02, 1.515530e-03, 3.428628e+00, 3.505094e+00
-4.504505e-02, 1.014528e-03, 3.441536e+00, 3.503418e+00
-3.503504e-02, 6.137268e-04, 3.454486e+00, 3.502072e+00
-2.502503e-02, 3.131259e-04, 3.467467e+00, 3.501058e+00
-1.501502e-02, 1.127253e-04, 3.480471e+00, 3.500381e+00
-5.005005e-03, 1.252504e-05, 3.493489e+00, 3.500042e+00
5.005005e-03, 1.252504e-05, 3.506512e+00, 3.500042e+00
1.501502e-02, 1.127253e-04, 3.519530e+00, 3.500381e+00
2.502503e-02, 3.131259e-04, 3.532534e+00, 3.501058e+00
3.503504e-02, 6.137268e-04, 3.545516e+00, 3.502072e+00
4.504505e-02, 1.014528e-03, 3.558465e+00, 3.503418e+00
5.505506e-02, 1.515530e-03, 3.571374e+00, 3.505094e+00
6.506507e-02, 2.116731e-03, 3.584232e+00, 3.507095e+00
7.507508e-02, 2.818133e-03, 3.597032e+00, 3.509415e+00
8.508509e-02, 3.619736e-03, 3.609763e+00, 3.512048e+00
9.509510e-02, 4.521539e-03, 3.622418e+00, 3.514986e+00
1.051051e-01, 5.523542e-03, 3.634986e+00, 3.518221e+00
1.151151e-01, 6.625745e-03, 3.647461e+00, 3.521745e+00
1.251251e-01, 7.828148e-03, 3.659832e+00, 3.525546e+00
1.351351e-01, 9.130752e-03, 3.672091e+00, 3.529615e+00
1.451451e-01, 1.053356e-02, 3.684230e+00, 3.533941e+00
1.551552e-01, 1.203656e-02, 3.696240e+00, 3.538510e+00
1.651652e-01, 1.363977e-02, 3.708113e+00, 3.543311e+00
1.751752e-01, 1.534317e-02, 3.719840e+00, 3.548330e+00
1.851852e-01, 1.714678e-02, 3.731414e+00, 3.553552e+00
1.951952e-01, 1.905058e-02, 3.742826e+00, 3.558965e+00
2.052052e-01, 2.105459e-02, 3.754069e+00, 3.564551e+00
2.152152e-01, 2.315879e-02, 3.765135e+00, 3.570297e+00
2.252252e-01, 2.536320e-02, 3.776016e+00, 3.576185e+00
2.352352e-01, 2.766781e-02, 3.786706e+00, 3.582200e+00
2.452452e-01, 3.007262e-02, 3.797195e+00, 3.588325e+00
2.552553e-01, 3.257762e-02, 3.807478e+00, 3.594543e+00
2.652653e-01, 3.518283e-02, 3.817547e+00, 3.600836e+00
2.752753e-01, 3.788824e-02, 3.827396e+00, 3.607188e+00
2.852853e-01, 4.069385e-02, 3.837018e+00, 3.613581e+00
2.952953e-01, 4.359966e-02, 3.846406e+00, 3.619997e+00
3.053053e-01, 4.660566e-02, 3.855554e+00, 3.626418e+00
3.153153e-01, 4.971187e-02, 3.864456e+00, 3.632828e+00
3.253253e-01, 5.291828e-02, 3.873106e+00, 3.639208e+00
3.353353e-01, 5.622489e-02, 3.881498e+00, 3.645541e+00
3.453453e-01, 5.963170e-02, 3.889627e+00, 3.651809e+00
3.553554e-01, 6.313871e-02, 3.897487e+00, 3.657996e+00
3.653654e-01, 6.674593e-02, 3.905074e+00, 3.664085e+00
3.753754e-01, 7.045334e-02, 3.912382e+00, 3.670059e+00
3.853854e-01, 7.426095e-02, 3.919407e+00, 3.675902e+00
3.953954e-01, 7.816876e-02, 3.926143e+00, 3.681598e+00
4.054054e-01, 8.217677e-02, 3.932588e+00, 3.687132e+00
4.154154e-01, 8.628498e-02, 3.938736e+00, 3.692489e+00
4.254254e-01, 9.049340e-02, 3.944584e+00, 3.697655e+00
4.354354e-01, 9.480201e-02, 3.950128e+00, 3.702616e+00
4.454454e-01, 9.921082e-02, 3.955366e+00, 3.707358e+00
4.554555e-01, 1.037198e-01, 3.960292e+00, 3.711869e+00
4.654655e-01, 1.083290e-01, 3.964906e+00, 3.716138e+00
4.754755e-01, 1.130385e-01, 3.969204e+00, 3.720152e+00
4.854855e-01, 1.178481e-01, 3.973183e+00, 3.723902e+00
4.954955e-01, 1.227579e-01, 3.976841e+00, 3.727378e+00
5.055055e-01, 1.277679e-01, 3.980177e+00, 3.730570e+00
5.155155e-01, 1.328781e-01, 3.983188e+00, 3.733471e+00
5.255255e-01, 1.380885e-01, 3.985874e+00, 3.736073e+00
5.355355e-01, 1.433992e-01, 3.988232e+00, 3.738370e+00
5.455455e-01, 1.488100e-01, 3.990261e+00, 3.740356e+00
5.555556e-01, 1.543210e-01, 3.991961e+00, 3.742026e+00
5.655656e-01, 1.599322e-01, 3.993332e+00, 3.743376e+00
5.755756e-01, 1.656436e-01, 3.994372e+00, 3.744404e+00
5.855856e-01, 1.714552e-01, 3.995082e+00, 3.745106e+00
5.955956e-01, 1.773671e-01, 3.995462e+00, 3.745482e+00
6.056056e-01, 1.833791e-01, 3.995512e+00, 3.745532e+00
6.156156e-01, 1.894913e-01, 3.995232e+00, 3.745255e+00
6.256256e-01, 1.957037e-01, 3.994624e+00, 3.744653e+00
6.356356e-01, 2.020163e-01, 3.993689e+00, 3.743728e+00
6.456456e-01, 2.084291e-01, 3.992427e+00, 3.742484e+00
6.556557e-01, 2.149422e-01, 3.990840e+00, 3.740924e+00
6.656657e-01, 2.215554e-01, 3.988931e+00, 3.739053e+00
6.756757e-01, 2.282688e-01, 3.986700e+00, 3.736876e+00
6.856857e-01, 2.350824e-01, 3.984150e+00, 3.734401e+00
6.956957e-01, 2.419963e-01, 3.981283e+00, 3.731633e+00
7.057057e-01, 2.490103e-01, 3.978102e+00, 3.728581e+00
7.157157e-01, 2.561245e-01, 3.974609e+00, 3.725254e+00
7.257257e-01, 2.633389e-01, 3.970808e+00, 3.721661e+00
7.357357e-01, 2.706535e-01, 3.966702e+00, 3.717811e+00
7.457457e-01, 2.780684e-01, 3.962294e+00, 3.713715e+00
7.557558e-01, 2.855834e-01, 3.957587e+00, 3.709386e+00
7.657658e-01, 2.931986e-01, 3.952585e+00, 3.704833e+00
7.757758e-01, 3.009140e-01, 3.947293e+00, 3.700071e+00
7.857858e-01, 3.087297e-01, 3.941714e+00, 3.695111e+00
7.957958e-01, 3.166455e-01, 3.935852e+00, 3.689967e+00
8.058058e-01, 3.246615e-01, 3.929712e+00, 3.684653e+00
8.158158e-01, 3.327777e-01, 3.923299e+00, 3.679182e+00
8.258258e-01, 3.409941e-01, 3.916618e+00, 3.673570e+00
8.358358e-01, 3.493108e-01, 3.909672e+00, 3.667831e+00
8.458458e-01, 3.577276e-01, 3.902468e+00, 3.661980e+00
8.558559e-01, 3.662446e-01, 3.895010e+00, 3.656033e+00
8.658659e-01, 3.748618e-01, 3.887305e+00, 3.650005e+00
8.758759e-01, 3.835793e-01, 3.879357e+00, 3.643911e+00
8.858859e-01, 3.923969e-01, 3.871172e+00, 3.637768e+00
8.958959e-01, 4.013147e-01, 3.862755e+00, 3.631591e+00
9.059059e-01, 4.103328e-01, 3.854114e+00, 3.625397e+00
9.159159e-01, 4.194510e-01, 3.845253e+00, 3.619200e+00
9.259259e-01, 4.286694e-01, 3.836179e+00, 3.613016e+00
9.359359e-01, 4.379880e-01, 3.826898e+00, 3.606863e+00
9.459459e-01, 4.474069e-01, 3.817417e+00, 3.600754e+00
9.559560e-01, 4.569259e-01, 3.807742e+00, 3.594705e+00
9.659660e-01, 4.665451e-01, 3.797878e+00, 3.588732e+00
9.759760e-01, 4.762646e-01, 3.787834e+00, 3.582848e+00
9.859860e-01, 4.860842e-01, 3.777615e+00, 3.577070e+00
9.959960e-01, 4.960040e-01, 3.767229e+00, 3.571411e+00
1.006006e+00, 5.060240e-01, 3.756682e+00, 3.565886e+00
1.016016e+00, 5.161443e-01, 3.745981e+00, 3.560506e+00
1.026026e+00, 5.263647e-01, 3.735132e+00, 3.555287e+00
1.036036e+00, 5.366853e-01, 3.724144e+00, 3.550240e+00
1.046046e+00, 5.471062e-01, 3.713022e+00, 3.545379e+00
1.056056e+00, 5.576272e-01, 3.701775e+00, 3.540713e+00
1.066066e+00, 5.682484e-01, 3.690408e+00, 3.536255e+00
1.076076e+00, 5.789699e-01, 3.678930e+00, 3.532016e+00
1.086086e+00, 5.897915e-01, 3.667347e+00, 3.528005e+00
1.096096e+00, 6.007133e-01, 3.655666e+00, 3.524232e+00
1.106106e+00, 6.117354e-01, 3.643895e+00, 3.520706e+00
1.116116e+00, 6.228576e-01, 3.632040e+00, 3.517435e+00
1.126126e+00, 6.340800e-01, 3.620110e+00, 3.514426e+00
1.136136e+00, 6.454027e-01, 3.608110e+00, 3.511688e+00
1.146146e+00, 6.568255e-01, 3.596048e+00, 3.509225e+00
1.156156e+00, 6.683485e-01, 3.583932e+00, 3.507045e+00
1.166166e+00, 6.799718e-01, 3.571768e+00, 3.505151e+00
1.176176e+00, 6.916952e-01, 3.559564e+00, 3.503548e+00
1.186186e+00, 7.035188e-01, 3.547326e+00, 3.502240e+00
1.196196e+00, 7.154427e-01, 3.535062e+00, 3.501229e+00
1.206206e+00, 7.274667e-01, 3.522778e+00, 3.500519e+00
1.216216e+00, 7.395909e-01, 3.510481e+00, 3.500110e+00
1.226226e+00, 7.518154e-01, 3.498179e+00, 3.500003e+00
1.236236e+00, 7.641400e-01, 3.485877e+00, 3.500199e+00
1.246246e+00, 7.765649e-01, 3.473583e+00, 3.500698e+00
1.256256e+00, 7.890899e-01, 3.461304e+00, 3.501497e+00
1.266266e+00, 8.017151e-01, 3.449046e+00, 3.502596e+00
1.276276e+00, 8.144406e-01, 3.436815e+00, 3.503992e+00
1.286286e+00, 8.272662e-01, 3.424618e+00, 3.505682e+00
1.296296e+00, 8.401920e-01, 3.412462e+00, 3.507663e+00
1.306306e+00, 8.532181e-01, 3.400352e+00, 3.509930e+00
1.316316e+00, 8.663443e-01, 3.388295e+00, 3.512478e+00
1.326326e+00, 8.795708e-01, 3.376297e+00, 3.515302e+00
1.336336e+00, 8.928974e-01, 3.364364e+00, 3.518397e+00
1.346346e+00, 9.063242e-01, 3.352502e+00, 3.521756e+00
1.356356e+00, 9.198513e-01, 3.340717e+00, 3.525371e+00
1.366366e+00, 9.334785e-01, 3.329014e+00, 3.529236e+00
1.376376e+00, 9.472060e-01, 3.317399e+00, 3.533343e+00
1.386386e+00, 9.610336e-01, 3.305877e+00, 3.537684e+00
1.396396e+00, 9.749614e-01, 3.294454e+00, 3.542249e+00
1.406406e+00, 9.889895e-01, 3.283135e+00, 3.547031e+00
1.416416e+00, 1.003118e+00, 3.271925e+00, 3.552018e+00
1.426426e+00, 1.017346e+00, 3.260829e+00, 3.557203e+00
1.436436e+00, 1.031675e+00, 3.249852e+00, 3.562574e+00
1.446446e+00, 1.046104e+00, 3.238999e+00, 3.568121e+00
1.456456e+00, 1.060633e+00, 3.228274e+00, 3.573835e+00
1.466466e+00, 1.075262e+00, 3.217682e+00, 3.579703e+00
1.476476e+00, 1.089991e+00, 3.207228e+00, 3.585716e+00
1.486486e+00, 1.104821e+00, 3.196914e+00, 3.591861e+00
1.496496e+00, 1.119751e+00, 3.186746e+00, 3.598128e+00
1.506507e+00, 1.134781e+00, 3.176728e+00, 3.604505e+00
1.516517e+00, 1.149911e+00, 3.166863e+00, 3.610980e+00
1.526527e+00, 1.165142e+00, 3.157154e+00, 3.617543e+00
1.536537e+00, 1.180472e+00, 3.147606e+00, 3.624181e+00
1.546547e+00, 1.195903e+00, 3.138222e+00, 3.630883e+00
1.556557e+00, 1.211434e+00, 3.129005e+00, 3.637637e+00
1.566567e+00, 1.227065e+00, 3.119958e+00, 3.644432e+00
1.576577e+00, 1.242797e+00, 3.111084e+00, 3.651256e+00
1.586587e+00, 1.258628e+00, 3.102386e+00, 3.658097e+00
1.596597e+00, 1.274560e+00, 3.093867e+00, 3.664944e+00
1.606607e+00, 1.290592e+00, 3.085528e+00, 3.671787e+00
1.616617e+00, 1.306725e+00, 3.077374e+00, 3.678613e+00
1.626627e+00, 1.322957e+00, 3.069405e+00, 3.685412e+00
1.636637e+00, 1.339290e+00, 3.061623e+00, 3.692174e+00
1.646647e+00, 1.355723e+00, 3.054032e+00, 3.698887e+00
1.656657e+00, 1.372256e+00, 3.046632e+00, 3.705542e+00
1.666667e+00, 1.388889e+00, 3.039426e+00, 3.712129e+00
1.676677e+00, 1.405622e+00, 3.032414e+00, 3.718636e+00
1.686687e+00, 1.422456e+00, 3.025599e+00, 3.725056e+00
1.696697e+00, 1.439390e+00, 3.018981e+00, 3.731379e+00
1.706707e+00, 1.456424e+00, 3.012562e+00, 3.737596e+00
1.716717e+00, 1.473558e+00, 3.006342e+00, 3.743698e+00
1.726727e+00, 1.490793e+00, 3.000323e+00, 3.749677e+00
1.736737e+00, 1.508127e+00, 2.994505e+00, 3.755525e+00
1.746747e+00, 1.525562e+00, 2.988889e+00, 3.761235e+00
1.756757e+00, 1.543097e+00, 2.983475e+00, 3.766798e+00
1.766767e+00, 1.560732e+00, 2.978263e+00, 3.772209e+00
1.776777e+00, 1.578468e+00, 2.973255e+00, 3.777461e+00
1.786787e+00, 1.596304e+00, 2.968449e+00, 3.782547e+00
1.796797e+00, 1.614239e+00, 2.963846e+00, 3.787461e+00
1.806807e+00, 1.632275e+00, 2.959445e+00, 3.792200e+00
1.816817e+00, 1.650412e+00, 2.955247e+00, 3.796756e+00
1.826827e+00, 1.668648e+00, 2.951251e+00, 3.801126e+00
1.836837e+00, 1.686985e+00, 2.947456e+00, 3.805305e+00
1.846847e+00, 1.705422e+00, 2.943862e+00, 3.809290e+00
1.856857e+00, 1.723959e+00, 2.940468e+00, 3.813076e+00
1.866867e+00, 1.742596e+00, 2.937273e+00, 3.816662e+00
1.876877e+00, 1.761333e+00, 2.934276e+00, 3.820044e+00
1.886887e+00, 1.780171e+00, 2.931476e+00, 3.823219e+00
1.896897e+00, 1.799109e+00, 2.928872e+00, 3.826187e+00
1.906907e+00, 1.818147e+00, 2.926463e+00, 3.828944e+00
1.916917e+00, 1.837285e+00, 2.924247e+00, 3.831491e+00
1.926927e+00, 1.856524e+00, 2.922223e+00, 3.833826e+00
1.936937e+00, 1.875862e+00, 2.920390e+00, 3.835948e+00
1.946947e+00, 1.895301e+00, 2.918745e+00, 3.837858e+00
1.956957e+00, 1.914840e+00, 2.917287e+00, 3.839555e+00
1.966967e+00, 1.934480e+00, 2.916014e+00, 3.841040e+00
1.976977e+00, 1.954219e+00, 2.914924e+00, 3.842314e+00
1.986987e+00, 1.974059e+00, 2.914015e+00, 3.843378e+00
1.996997e+00, 1.993999e+00, 2.913286e+00, 3.844234e+00
2.007007e+00, 2.014039e+00, 2.912734e+00, 3.844882e+00
2.017017e+00, 2.034179e+00, 2.912356e+00, 3.845325e+00
2.027027e+00, 2.054419e+00, 2.912151e+00, 3.845566e+00
2.037037e+00, 2.074760e+00, 2.912117e+00, 3.845607e+00
2.047047e+00, 2.095201e+00, 2.912250e+00, 3.845450e+00
2.057057e+00, 2.115742e+00, 2.912549e+00, 3.845099e+00
2.067067e+00, 2.136383e+00, 2.913011e+00, 3.844556e+00
2.077077e+00, 2.157125e+00, 2.913633e+00, 3.843826e+00
2.087087e+00, 2.177966e+00, 2.914413e+00, 3.842912e+00
2.097097e+00, 2.198908e+00, 2.915348e+00, 3.841818e+00
2.107107e+00, 2.219950e+00, 2.916436e+00, 3.840548e+00
2.117117e+00, 2.241092e+00, 2.917673e+00, 3.839105e+00
2.127127e+00, 2.262335e+00, 2.919057e+00, 3.837495e+00
2.137137e+00, 2.283678e+00, 2.920585e+00, 3.835722e+00
2.147147e+00, 2.305120e+00, 2.922255e+00, 3.833790e+00
2.157157e+00, 2.326664e+00, 2.924062e+00, 3.831704e+00
2.167167e+00, 2.348307e+00, 2.926006e+00, 3.829469e+00
2.177177e+00, 2.370050e+00, 2.928081e+00, 3.827091e+00
2.187187e+00, 2.391894e+00, 2.930287e+00, 3.824573e+00
2.197197e+00, 2.413838e+00, 2.932618e+00, 3.821922e+00
2.207207e+00, 2.435882e+00, 2.935074e+00, 3.819142e+00
2.217217e+00, 2.458026e+00, 2.937649e+00, 3.816238e+00
2.227227e+00, 2.480271e+00, 2.940342e+00, 3.813217e+00
2.237237e+00, 2.502615e+00, 2.943150e+00, 3.810082e+00
2.247247e+00, 2.525060e+00, 2.946069e+00, 3.806840e+00
2.257257e+00, 2.547605e+00, 2.949096e+00, 3.803495e+00
2.267267e+00, 2.570250e+00, 2.952228e+00, 3.800054e+00
2.277277e+00, 2.592996e+00, 2.955462e+00, 3.796521e+00
2.287287e+00, 2.615842e+00, 2.958795e+00, 3.792902e+00
2.297297e+00, 2.638787e+00, 2.962225e+00, 3.789202e+00
2.307307e+00, 2.661834e+00, 2.965746e+00, 3.785427e+00
2.317317e+00, 2.684980e+00, 2.969358e+00, 3.781581e+00
2.327327e+00, 2.708226e+00, 2.973056e+00, 3.777670e+00
2.337337e+00, 2.731573e+00, 2.976838e+00, 3.773698e+00
2.347347e+00, 2.755020e+00, 2.980701e+00, 3.769672e+00
2.357357e+00, 2.778567e+00, 2.984641e+00, 3.765595e+00
2.367367e+00, 2.802214e+00, 2.988655e+00, 3.761473e+00
2.377377e+00, 2.825962e+00, 2.992741e+00, 3.757311e+00
2.387387e+00, 2.849809e+00, 2.996896e+00, 3.753114e+00
2.397397e+00, 2.873757e+00, 3.001116e+00, 3.748885e+00
2.407407e+00, 2.897805e+00, 3.005399e+00, 3.744630e+00
2.417417e+00, 2.921953e+00, 3.009741e+00, 3.740354e+00
2.427427e+00, 2.946202e+00, 3.014141e+00, 3.736059e+00
2.437437e+00, 2.970551e+00, 3.018594e+00, 3.731752e+00
2.447447e+00, 2.995000e+00, 3.023098e+00, 3.727436e+00
2.457457e+00, 3.019549e+00, 3.027650e+00, 3.723114e+00
2.467467e+00, 3.044198e+00, 3.032248e+00, 3.718792e+00
2.477477e+00, 3.068947e+00, 3.036889e+00, 3.714472e+00
2.487487e+00, 3.093797e+00, 3.041570e+00, 3.710158e+00
2.497497e+00, 3.118747e+00, 3.046288e+00, 3.705855e+00
2.507508e+00, 3.143797e+00, 3.051041e+00, 3.701565e+00
2.517518e+00, 3.168947e+00, 3.055825e+00, 3.697291e+00
2.527528e+00, 3.194198e+00, 3.060640e+00, 3.693038e+00
2.537538e+00, 3.219548e+00, 3.065481e+00, 3.688807e+00
2.547548e+00, 3.244999e+00, 3.070346e+00, 3.684602e+00
2.557558e+00, 3.270550e+00, 3.075234e+00, 3.680426e+00
2.567568e+00, 3.296202e+00, 3.080141e+00, 3.676282e+00
2.577578e+00, 3.321953e+00, 3.085065e+00, 3.672171e+00
2.587588e+00, 3.347805e+00, 3.090004e+00, 3.668097e+00
2.597598e+00, 3.373757e+00, 3.094956e+00, 3.664061e+00
2.607608e+00, 3.399809e+00, 3.099917e+00, 3.660066e+00
2.617618e+00, 3.425961e+00, 3.104887e+00, 3.656114e+00
2.627628e+00, 3.452213e+00, 3.109863e+00, 3.652207e+00
2.637638e+00, 3.478566e+00, 3.114842e+00, 3.648346e+00
2.647648e+00, 3.505019e+00, 3.119823e+00, 3.644534e+00
2.657658e+00, 3.531572e+00, 3.124804e+00, 3.640772e+00
2.667668e+00, 3.558225e+00, 3.129783e+00, 3.637061e+00
2.677678e+00, 3.584979e+00, 3.134757e+00, 3.633403e+00
2.687688e+00, 3.611833e+00, 3.139724e+00, 3.629799e+00
2.697698e+00, 3.638786e+00, 3.144684e+00, 3.626249e+00
2.707708e+00, 3.665841e+00, 3.149634e+00, 3.622756e+00
2.717718e+00, 3.692995e+00, 3.154572e+00, 3.619320e+00
2.727728e+00, 3.720249e+00, 3.159497e+00, 3.615942e+00
2.737738e+00, 3.747604e+00, 3.164407e+00, 3.612623e+00
2.747748e+00, 3.775059e+00, 3.169300e+00, 3.609362e+00
2.757758e+00, 3.802614e+00, 3.174175e+00, 3.606162e+00
2.767768e+00, 3.830269e+00, 3.179030e+00, 3.603022e+00
2.777778e+00, 3.858025e+00, 3.183864e+00, 3.599942e+00
2.787788e+00, 3.885880e+00, 3.188675e+00, 3.596923e+00
2.797798e+00, 3.913836e+00, 3.193463e+00, 3.593965e+00
2.807808e+00, 3.941892e+00, 3.198225e+00, 3.591068e+00
2.817818e+00, 3.970049e+00, 3.202960e+00, 3.588233e+00
2.827828e+00, 3.998305e+00, 3.207667e+00, 3.585459e+00
2.837838e+00, 4.026662e+00, 3.212345e+00, 3.582746e+00
2.847848e+00, 4.055119e+00, 3.216992e+00, 3.580093e+00
2.857858e+00, 4.083676e+00, 3.221608e+00, 3.577502e+00
2.867868e+00, 4.112333e+00, 3.226192e+00, 3.574971e+00
2.877878e+00, 4.141091e+00, 3.230742e+00, 3.572500e+00
2.887888e+00, 4.169948e+00, 3.235257e+00, 3.570089e+00
2.897898e+00, 4.198906e+00, 3.239737e+00, 3.567737e+00
2.907908e+00, 4.227964e+00, 3.244180e+00, 3.565444e+00
2.917918e+00, 4.257122e+00, 3.248586e+00, 3.563209e+00
2.927928e+00, 4.286381e+00, 3.252954e+00, 3.561032e+00
2.937938e+00, 4.315740e+00, 3.257283e+00, 3.558912e+00
2.947948e+00, 4.345199e+00, 3.261572e+00, 3.556848e+00
2.957958e+00, 4.374758e+00, 3.265821e+00, 3.554840e+00
2.967968e+00, 4.404417e+00, 3.270029e+00, 3.552887e+00
2.977978e+00, 4.434176e+00, 3.274195e+00, 3.550988e+00
2.987988e+00, 4.464036e+00, 3.278319e+00, 3.549142e+00
2.997998e+00, 4.493996e+00, 3.282400e+00, 3.547350e+00
3.008008e+00, 4.524056e+00, 3.286438e+00, 3.545609e+00
3.018018e+00, 4.554216e+00, 3.290432e+00, 3.543919e+00
3.028028e+00, 4.584477e+00, 3.294381e+00, 3.542279e+00
3.038038e+00, 4.614838e+00, 3.298286e+00, 3.540688e+00
3.048048e+00, 4.645298e+00, 3.302146e+00, 3.539146e+00
3.058058e+00, 4.675860e+00, 3.305961e+00, 3.537651e+00
3.068068e+00, 4.706521e+00, 3.309730e+00, 3.536203e+00
3.078078e+00, 4.737282e+00, 3.313452e+00, 3.534800e+00
3.088088e+00, 4.768144e+00, 3.317129e+00, 3.533442e+00
3.098098e+00, 4.799106e+00, 3.320759e+00, 3.532127e+00
3.108108e+00, 4.830168e+00, 3.324342e+00, 3.530856e+00
3.118118e+00, 4.861330e+00, 3.327879e+00, 3.529626e+00
3.128128e+00, 4.892593e+00, 3.331368e+00, 3.528437e+00
3.138138e+00, 4.923955e+00, 3.334811e+00, 3.527287e+00
3.148148e+00, 4.955418e+00, 3.338206e+00, 3.526177e+00
3.158158e+00, 4.986981e+00, 3.341555e+00, 3.525105e+00
3.168168e+00, 5.018645e+00, 3.344856e+00, 3.524070e+00
3.178178e+00, 5.050408e+00, 3.348109e+00, 3.523071e+00
3.188188e+00, 5.082272e+00, 3.351316e+00, 3.522107e+00
3.198198e+00, 5.114236e+00, 3.354475e+00, 3.521177e+00
3.208208e+00, 5.146300e+00, 3.357588e+00, 3.520281e+00
3.218218e+00, 5.178464e+00, 3.360653e+00, 3.519418e+00
3.228228e+00, 5.210729e+00, 3.363672e+00, 3.518585e+00
3.238238e+00, 5.243093e+00, 3.366644e+00, 3.517784e+00
3.248248e+00, 5.275558e+00, 3.369569e+00, 3.517012e+00
3.258258e+00, 5.308123e+00, 3.372448e+00, 3.516270e+00
3.268268e+00, 5.340789e+00, 3.375280e+00, 3.515555e+00
3.278278e+00, 5.373554e+00, 3.378067e+00, 3.514868e+00
3.288288e+00, 5.406420e+00, 3.380807e+00, 3.514207e+00
3.298298e+00, 5.439386e+00, 3.383503e+00, 3.513572e+00
3.308308e+00, 5.472452e+00, 3.386153e+00, 3.512961e+00
3.318318e+00, 5.505618e+00, 3.388758e+00, 3.512375e+00
3.328328e+00, 5.538885e+00, 3.391318e+00, 3.511812e+00
3.338338e+00, 5.572251e+00, 3.393834e+00, 3.511271e+00
3.348348e+00, 5.605718e+00, 3.396306e+00, 3.510753e+00
3.358358e+00, 5.639285e+00, 3.398734e+00, 3.510255e+00
3.368368e+00, 5.672953e+00, 3.401118e+00, 3.509778e+00
3.378378e+00, 5.706720e+00, 3.403460e+00, 3.509320e+00
3.388388e+00, 5.740588e+00, 3.405759e+00, 3.508881e+00
3.398398e+00, 5.774556e+00, 3.408015e+00, 3.508461e+00
3.408408e+00, 5.808624e+00, 3.410230e+00, 3.508059e+00
3.418418e+00, 5.842792e+00, 3.412403e+00, 3.507673e+00
3.428428e+00, 5.877061e+00, 3.414535e+00, 3.507304e+00
3.438438e+00, 5.911429e+00, 3.416626e+00, 3.506951e+00
3.448448e+00, 5.945898e+00, 3.418677e+00, 3.506613e+00
3.458458e+00, 5.980467e+00, 3.420688e+00, 3.506290e+00
3.468468e+00, 6.015137e+00, 3.422660e+00, 3.505981e+00
3.478478e+00, 6.049906e+00, 3.424593e+00, 3.505686e+00
3.488488e+00, 6.084776e+00, 3.426487e+00, 3.505404e+00
3.498498e+00, 6.119746e+00, 3.428343e+00, 3.505135e+00
3.508509e+00, 6.154816e+00, 3.430161e+00, 3.504877e+00
3.518519e+00, 6.189986e+00, 3.431943e+00, 3.504632e+00
3.528529e+00, 6.225257e+00, 3.433687e+00, 3.504397e+00
3.538539e+00, 6.260627e+00, 3.435396e+00, 3.504174e+00
3.548549e+00, 6.296098e+00, 3.437068e+00, 3.503960e+00
3.558559e+00, 6.331670e+00, 3.438706e+00, 3.503757e+00
3.568569e+00, 6.367341e+00, 3.440308e+00, 3.503563e+00
3.578579e+00, 6.403112e+00, 3.441877e+00, 3.503378e+00
3.588589e+00, 6.438984e+00, 3.443411e+00, 3.503202e+00
3.598599e+00, 6.474956e+00, 3.444912e+00, 3.503035e+00
3.608609e+00, 6.511028e+00, 3.446381e+00, 3.502875e+00
3.618619e+00, 6.547200e+00, 3.447817e+00, 3.502723e+00
3.628629e+00, 6.583473e+00, 3.449221e+00, 3.502579e+00
3.638639e+00, 6.619846e+00, 3.450593e+00, 3.502441e+00
3.648649e+00, 6.656318e+00, 3.451935e+00, 3.502310e+00
3.658659e+00, 6.692892e+00, 3.453247e+00, 3.502186e+00
3.668669e+00, 6.729565e+00, 3.454528e+00, 3.502068e+00
3.678679e+00, 6.766338e+00, 3.455780e+00, 3.501955e+00
3.688689e+00, 6.803212e+00, 3.457003e+00, 3.501849e+00
3.698699e+00, 6.840186e+00, 3.458198e+00, 3.501747e+00
3.708709e+00, 6.877260e+00, 3.459365e+00, 3.501651e+00
3.718719e+00, 6.914434e+00, 3.460504e+00, 3.501560e+00
3.728729e+00, 6.951709e+00, 3.461616e+00, 3.501473e+00
3.738739e+00, 6.989084e+00, 3.462702e+00, 3.501391e+00
3.748749e+00, 7.026559e+00, 3.463761e+00, 3.501313e+00
3.758759e+00, 7.064134e+00, 3.464795e+00, 3.501239e+00
3.768769e+00, 7.101809e+00, 3.465804e+00, 3.501169e+00
3.778779e+00, 7.139585e+00, 3.466788e+00, 3.501103e+00
3.788789e+00, 7.177460e+00, 3.467748e+00, 3.501040e+00
3.798799e+00, 7.215436e+00, 3.468684e+00, 3.500981e+00
3.808809e+00, 7.253512e+00, 3.469597e+00, 3.500924e+00
3.818819e+00, 7.291689e+00, 3.470487e+00, 3.500871e+00
3.828829e+00, 7.329965e+00, 3.471354e+00, 3.500821e+00
3.838839e+00, 7.368342e+00, 3.472200e+00, 3.500773e+00
3.848849e+00, 7.406819e+00, 3.473024e+00, 3.500728e+00
3.858859e+00, 7.445396e+00, 3.473827e+00, 3.500685e+00
3.868869e+00, 7.484073e+00, 3.474609e+00, 3.500645e+00
3.878879e+00, 7.522851e+00, 3.475371e+00, 3.500607e+00
3.888889e+00, 7.561728e+00, 3.476113e+00, 3.500571e+00
3.898899e+00, 7.600706e+00, 3.476835e+00, 3.500537e+00
3.908909e+00, 7.639784e+00, 3.477539e+00, 3.500505e+00
3.918919e+00, 7.678963e+00, 3.478224e+00, 3.500474e+00
3.928929e+00, 7.718241e+00, 3.478890e+00, 3.500446e+00
3.938939e+00, 7.757620e+00, 3.479539e+00, 3.500419e+00
3.948949e+00, 7.797099e+00, 3.480170e+00, 3.500393e+00
3.958959e+00, 7.836678e+00, 3.480785e+00, 3.500369e+00
3.968969e+00, 7.876357e+00, 3.481382e+00, 3.500347e+00
3.978979e+00, 7.916137e+00, 3.481964e+00, 3.500325e+00
3.988989e+00, 7.956017e+00, 3.482529e+00, 3.500305e+00
3.998999e+00, 7.995996e+00, 3.483079e+00, 3.500286e+00
4.009009e+00, 8.036077e+00, 3.483613e+00, 3.500269e+00
4.019019e+00, 8.076257e+00, 3.484133e+00, 3.500252e+00
4.029029e+00, 8.116537e+00, 3.484638e+00, 3.500236e+00
4.039039e+00, 8.156918e+00, 3.485128e+00, 3.500221e+00
4.049049e+00, 8.197399e+00, 3.485605e+00, 3.500207e+00
4.059059e+00, 8.237980e+00, 3.486069e+00, 3.500194e+00
4.069069e+00, 8.278662e+00, 3.486519e+00, 3.500182e+00
4.079079e+00, 8.319443e+00, 3.486956e+00, 3.500170e+00
4.089089e+00, 8.360325e+00, 3.487381e+00, 3.500159e+00
4.099099e+00, 8.401307e+00, 3.487793e+00, 3.500149e+00
4.109109e+00, 8.442389e+00, 3.488193e+00, 3.500139e+00
4.119119e+00, 8.483571e+00, 3.488582e+00, 3.500130e+00
4.129129e+00, 8.524854e+00, 3.488959e+00, 3.500122e+00
4.139139e+00, 8.566236e+00, 3.489325e+00, 3.500114e+00
4.149149e+00, 8.607719e+00, 3.489680e+00, 3.500106e+00
4.159159e+00, 8.649302e+00, 3.490025e+00, 3.500099e+00
4.169169e+00, 8.690986e+00, 3.490360e+00, 3.500093e+00
4.179179e+00, 8.732769e+00, 3.490684e+00, 3.500087e+00
4.189189e+00, 8.774653e+00, 3.490999e+00, 3.500081e+00
4.199199e+00, 8.816637e+00, 3.491304e+00, 3.500076e+00
4.209209e+00, 8.858721e+00, 3.491599e+00, 3.500071e+00
4.219219e+00, 8.900905e+00, 3.491886e+00, 3.500066e+00
4.229229e+00, 8.943190e+00, 3.492164e+00, 3.500061e+00
4.239239e+00, 8.985575e+00, 3.492434e+00, 3.500057e+00
4.249249e+00, 9.028060e+00, 3.492695e+00, 3.500053e+00
4.259259e+00, 9.070645e+00, 3.492948e+00, 3.500050e+00
4.269269e+00, 9.113330e+00, 3.493193e+00, 3.500046e+00
4.279279e+00, 9.156116e+00, 3.493431e+00, 3.500043e+00
4.289289e+00, 9.199001e+00, 3.493661e+00, 3.500040e+00
4.299299e+00, 9.241987e+00, 3.493884e+00, 3.500037e+00
4.309309e+00, 9.285073e+00, 3.494100e+00, 3.500035e+00
4.319319e+00, 9.328260e+00, 3.494309e+00, 3.500032e+00
4.329329e+00, 9.371546e+00, 3.494511e+00, 3.500030e+00
4.339339e+00, 9.414933e+00, 3.494707e+00, 3.500028e+00
4.349349e+00, 9.458420e+00, 3.494896e+00, 3.500026e+00
4.359359e+00, 9.502007e+00, 3.495080e+00, 3.500024e+00
4.369369e+00, 9.545694e+00, 3.495257e+00, 3.500022e+00
4.379379e+00, 9.589482e+00, 3.495429e+00, 3.500021e+00
4.389389e+00, 9.633370e+00, 3.495595e+00, 3.500019e+00
4.399399e+00, 9.677358e+00, 3.495756e+00, 3.500018e+00
4.409409e+00, 9.721446e+00, 3.495912e+00, 3.500017e+00
4.419419e+00, 9.765634e+00, 3.496062e+00, 3.500016e+00
4.429429e+00, 9.809923e+00, 3.496208e+00, 3.500014e+00
4.439439e+00, 9.854311e+00, 3.496349e+00, 3.500013e+00
4.449449e+00, 9.898800e+00, 3.496485e+00, 3.500012e+00
4.459459e+00, 9.943389e+00, 3.496616e+00, 3.500011e+00
4.469469e+00, 9.988079e+00, 3.496744e+00, 3.500011e+00
4.479479e+00, 1.003287e+01, 3.496867e+00, 3.500010e+00
4.489489e+00, 1.007776e+01, 3.496986e+00, 3.500009e+00
4.499499e+00, 1.012275e+01, 3.497100e+00, 3.500008e+00
4.509510e+00, 1.016784e+01, 3.497212e+00, 3.500008e+00
4.519520e+00, 1.021303e+01, 3.497319e+00, 3.500007e+00
4.529530e+00, 1.025832e+01, 3.497423e+00, 3.500007e+00
4.539540e+00, 1.030371e+01, 3.497523e+00, 3.500006e+00
4.549550e+00, 1.034920e+01, 3.497620e+00, 3.500006e+00
4.559560e+00, 1.039479e+01, 3.497713e+00, 3.500005e+00
4.569570e+00, 1.044048e+01, 3.497804e+00, 3.500005e+00
4.579580e+00, 1.048627e+01, 3.497891e+00, 3.500004e+00
4.589590e+00, 1.053217e+01, 3.497976e+00, 3.500004e+00
4.599600e+00, 1.057816e+01, 3.498057e+00, 3.500004e+00
4.609610e+00, 1.062425e+01, 3.498136e+00, 3.500003e+00
4.619620e+00, 1.067044e+01, 3.498212e+00, 3.500003e+00
4.629630e+00, 1.071674e+01, 3.498286e+00, 3.500003e+00
4.639640e+00, 1.076313e+01, 3.498357e+00, 3.500003e+00
4.649650e+00, 1.080962e+01, 3.498425e+00, 3.500002e+00
4.659660e+00, 1.085621e+01, 3.498492e+00, 3.500002e+00
4.669670e+00, 1.090291e+01, 3.498556e+00, 3.500002e+00
4.679680e+00, 1.094970e+01, 3.498618e+00, 3.500002e+00
4.689690e+00, 1.099659e+01, 3.498678e+00, 3.500002e+00
4.699700e+00, 1.104359e+01, 3.498736e+00, 3.500002e+00
4.709710e+00, 1.109068e+01, 3.498792e+00, 3.500001e+00
4.719720e+00, 1.113788e+01, 3.498846e+00, 3.500001e+00
4.729730e+00, 1.118517e+01, 3.498899e+00, 3.500001e+00
4.739740e+00, 1.123257e+01, 3.498950e+00, 3.500001e+00
4.749750e+00, 1.128006e+01, 3.498999e+00, 3.500001e+00
4.759760e+00, 1.132766e+01, 3.499046e+00, 3.500001e+00
4.769770e+00, 1.137535e+01, 3.499093e+00, 3.500001e+00
4.779780e+00, 1.142315e+01, 3.499137e+00, 3.500001e+00
4.789790e+00, 1.147104e+01, 3.499181e+00, 3.500001e+00
4.799800e+00, 1.151904e+01, 3.499223e+00, 3.500001e+00
4.809810e+00, 1.156714e+01, 3.499263e+00, 3.500001e+00
4.819820e+00, 1.161533e+01, 3.499303e+00, 3.500000e+00
4.829830e+00, 1.166363e+01, 3.499341e+00, 3.500000e+00
4.839840e+00, 1.171202e+01, 3.499379e+00, 3.500000e+00
4.849850e+00, 1.176052e+01, 3.499415e+00, 3.500000e+00
4.859860e+00, 1.180912e+01, 3.499450e+00, 3.500000e+00
4.869870e+00, 1.185782e+01, 3.499485e+00, 3.500000e+00
4.879880e+00, 1.190661e+01, 3.499518e+00, 3.500000e+00
4.889890e+00, 1.195551e+01, 3.499551e+00, 3.500000e+00
4.899900e+00, 1.200451e+01, 3.499583e+00, 3.500000e+00
4.909910e+00, 1.205361e+01, 3.499614e+00, 3.500000e+00
4.919920e+00, 1.210281e+01, 3.499645e+00, 3.500000e+00
4.929930e+00, 1.215210e+01, 3.499675e+00, 3.500000e+00
4.939940e+00, 1.220150e+01, 3.499704e+00, 3.500000e+00
4.949950e+00, 1.225100e+01, 3.499733e+00, 3.500000e+00
4.959960e+00, 1.230060e+01, 3.499762e+00, 3.500000e+00
4.969970e+00, 1.235030e+01, 3.499790e+00, 3.500000e+00
4.979980e+00, 1.240010e+01, 3.499817e+00, 3.500000e+00
4.989990e+00, 1.245000e+01, 3.499845e+00, 3.500000e+00
5.000000e+00, 1.250000e+01, 3.499872e+00, 3.500000e+00
