# E = 4.5
# x, V(x), E + psi, E + |psi|^2
-5.000000e+00, 1.250000e+01, 4.502079e+00, 4.500004e+00
-4.989990e+00, 1.245000e+01, 4.502101e+00, 4.500004e+00
-4.979980e+00, 1.240010e+01, 4.502127e+00, 4.500005e+00
-4.969970e+00, 1.235030e+01, 4.502156e+00, 4.500005e+00
-4.959960e+00, 1.230060e+01, 4.502189e+00, 4.500005e+00
-4.949950e+00, 1.225100e+01, 4.502225e+00, 4.500005e+00
-4.939940e+00, 1.220150e+01, 4.502265e+00, 4.500005e+00
-4.929930e+00, 1.215210e+01, 4.502308e+00, 4.500005e+00
-4.919920e+00, 1.210281e+01, 4.502354e+00, 4.500006e+00
-4.909910e+00, 1.205361e+01, 4.502404e+00, 4.500006e+00
-4.899900e+00, 1.200451e+01, 4.502458e+00, 4.500006e+00
-4.889890e+00, 1.195551e+01, 4.502515e+00, 4.500006e+00
-4.879880e+00, 1.190661e+01, 4.502576e+00, 4.500007e+00
-4.869870e+00, 1.185782e+01, 4.502641e+00, 4.500007e+00
-4.859860e+00, 1.180912e+01, 4.502710e+00, 4.500007e+00
-4.849850e+00, 1.176052e+01, 4.502783e+00, 4.500008e+00
-4.839840e+00, 1.171202e+01, 4.502860e+00, 4.500008e+00
-4.829830e+00, 1.166363e+01, 4.502941e+00, 4.500009e+00
-4.819820e+00, 1.161533e+01, 4.503027e+00, 4.500009e+00
-4.809810e+00, 1.156714e+01, 4.503116e+00, 4.500010e+00
-4.799800e+00, 1.151904e+01, 4.503210e+00, 4.500010e+00
-4.789790e+00, 1.147104e+01, 4.503309e+00, 4.500011e+00
-4.779780e+00, 1.142315e+01, 4.503412e+00, 4.500012e+00
-4.769770e+00, 1.137535e+01, 4.503520e+00, 4.500012e+00
-4.759760e+00, 1.132766e+01, 4.503632e+00, 4.500013e+00
-4.749750e+00, 1.128006e+01, 4.503750e+00, 4.500014e+00
-4.739740e+00, 1.123257e+01, 4.503873e+00, 4.500015e+00
-4.729730e+00, 1.118517e+01, 4.504001e+00, 4.500016e+00
-4.719720e+00, 1.113788e+01, 4.504134e+00, 4.500017e+00
-4.709710e+00, 1.109068e+01, 4.504273e+00, 4.500018e+00
-4.699700e+00, 1.104359e+01, 4.504418e+00, 4.500020e+00
-4.689690e+00, 1.099659e+01, 4.504568e+00, 4.500021e+00
-4.679680e+00, 1.094970e+01, 4.504724e+00, 4.500022e+00
-4.669670e+00, 1.090291e+01, 4.504887e+00, 4.500024e+00
-4.659660e+00, 1.085621e+01, 4.505055e+00, 4.500026e+00
-4.649650e+00, 1.080962e+01, 4.505230e+00, 4.500027e+00
-4.639640e+00, 1.076313e+01, 4.505412e+00, 4.500029e+00
-4.629630e+00, 1.071674e+01, 4.505601e+00, 4.500031e+00
-4.619620e+00, 1.067044e+01, 4.505796e+00, 4.500034e+00
-4.609610e+00, 1.062425e+01, 4.505999e+00, 4.500036e+00
-4.599600e+00, 1.057816e+01, 4.506209e+00, 4.500039e+00
-4.589590e+00, 1.053217e+01, 4.506426e+00, 4.500041e+00
-4.579580e+00, 1.048627e+01, 4.506652e+00, 4.500044e+00
-4.569570e+00, 1.044048e+01, 4.506885e+00, 4.500047e+00
-4.559560e+00, 1.039479e+01, 4.507126e+00, 4.500051e+00
-4.549550e+00, 1.034920e+01, 4.507376e+00, 4.500054e+00
-4.539540e+00, 1.030371e+01, 4.507635e+00, 4.500058e+00
-4.529530e+00, 1.025832e+01, 4.507902e+00, 4.500062e+00
-4.519520e+00, 1.021303e+01, 4.508179e+00, 4.500067e+00
-4.509510e+00, 1.016784e+01, 4.508465e+00, 4.500072e+00
-4.499499e+00, 1.012275e+01, 4.508761e+00, 4.500077e+00
-4.489489e+00, 1.007776e+01, 4.509066e+00, 4.500082e+00
-4.479479e+00, 1.003287e+01, 4.509382e+00, 4.500088e+00
-4.469469e+00, 9.988079e+00, 4.509708e+00, 4.500094e+00
-4.459459e+00, 9.943389e+00, 4.510044e+00, 4.500101e+00
-4.449449e+00, 9.898800e+00, 4.510392e+00, 4.500108e+00
-4.439439e+00, 9.854311e+00, 4.510751e+00, 4.500116e+00
-4.429429e+00, 9.809923e+00, 4.511121e+00, 4.500124e+00
-4.419419e+00, 9.765634e+00, 4.511503e+00, 4.500132e+00
-4.409409e+00, 9.721446e+00, 4.511898e+00, 4.500142e+00
-4.399399e+00, 9.677358e+00, 4.512304e+00, 4.500151e+00
-4.389389e+00, 9.633370e+00, 4.512724e+00, 4.500162e+00
-4.379379e+00, 9.589482e+00, 4.513157e+00, 4.500173e+00
-4.369369e+00, 9.545694e+00, 4.513603e+00, 4.500185e+00
-4.359359e+00, 9.502007e+00, 4.514063e+00, 4.500198e+00
-4.349349e+00, 9.458420e+00, 4.514536e+00, 4.500211e+00
-4.339339e+00, 9.414933e+00, 4.515025e+00, 4.500226e+00
-4.329329e+00, 9.371546e+00, 4.515528e+00, 4.500241e+00
-4.319319e+00, 9.328260e+00, 4.516046e+00, 4.500257e+00
-4.309309e+00, 9.285073e+00, 4.516580e+00, 4.500275e+00
-4.299299e+00, 9.241987e+00, 4.517130e+00, 4.500293e+00
-4.289289e+00, 9.199001e+00, 4.517696e+00, 4.500313e+00
-4.279279e+00, 9.156116e+00, 4.518279e+00, 4.500334e+00
-4.269269e+00, 9.113330e+00, 4.518878e+00, 4.500356e+00
-4.259259e+00, 9.070645e+00, 4.519496e+00, 4.500380e+00
-4.249249e+00, 9.028060e+00, 4.520131e+00, 4.500405e+00
-4.239239e+00, 8.985575e+00, 4.520784e+00, 4.500432e+00
-4.229229e+00, 8.943190e+00, 4.521456e+00, 4.500460e+00
-4.219219e+00, 8.900905e+00, 4.522147e+00, 4.500491e+00
-4.209209e+00, 8.858721e+00, 4.522858e+00, 4.500522e+00
-4.199199e+00, 8.816637e+00, 4.523589e+00, 4.500556e+00
-4.189189e+00, 8.774653e+00, 4.524340e+00, 4.500592e+00
-4.179179e+00, 8.732769e+00, 4.525112e+00, 4.500631e+00
-4.169169e+00, 8.690986e+00, 4.525905e+00, 4.500671e+00
-4.159159e+00, 8.649302e+00, 4.526720e+00, 4.500714e+00
-4.149149e+00, 8.607719e+00, 4.527557e+00, 4.500759e+00
-4.139139e+00, 8.566236e+00, 4.528417e+00, 4.500808e+00
-4.129129e+00, 8.524854e+00, 4.529300e+00, 4.500858e+00
-4.119119e+00, 8.483571e+00, 4.530206e+00, 4.500912e+00
-4.109109e+00, 8.442389e+00, 4.531137e+00, 4.500970e+00
-4.099099e+00, 8.401307e+00, 4.532092e+00, 4.501030e+00
-4.089089e+00, 8.360325e+00, 4.533073e+00, 4.501094e+00
-4.079079e+00, 8.319443e+00, 4.534079e+00, 4.501161e+00
-4.069069e+00, 8.278662e+00, 4.535111e+00, 4.501233e+00
-4.059059e+00, 8.237980e+00, 4.536170e+00, 4.501308e+00
-4.049049e+00, 8.197399e+00, 4.537256e+00, 4.501388e+00
-4.039039e+00, 8.156918e+00, 4.538369e+00, 4.501472e+00
-4.029029e+00, 8.116537e+00, 4.539510e+00, 4.501561e+00
-4.019019e+00, 8.076257e+00, 4.540681e+00, 4.501655e+00
-4.009009e+00, 8.036077e+00, 4.541880e+00, 4.501754e+00
-3.998999e+00, 7.995996e+00, 4.543109e+00, 4.501858e+00
-3.988989e+00, 7.956017e+00, 4.544368e+00, 4.501969e+00
-3.978979e+00, 7.916137e+00, 4.545658e+00, 4.502085e+00
-3.968969e+00, 7.876357e+00, 4.546979e+00, 4.502207e+00
-3.958959e+00, 7.836678e+00, 4.548332e+00, 4.502336e+00
-3.948949e+00, 7.797099e+00, 4.549718e+00, 4.502472e+00
-3.938939e+00, 7.757620e+00, 4.551136e+00, 4.502615e+00
-3.928929e+00, 7.718241e+00, 4.552587e+00, 4.502765e+00
-3.918919e+00, 7.678963e+00, 4.554073e+00, 4.502924e+00
-3.908909e+00, 7.639784e+00, 4.555592e+00, 4.503091e+00
-3.898899e+00, 7.600706e+00, 4.557147e+00, 4.503266e+00
-3.888889e+00, 7.561728e+00, 4.558738e+00, 4.503450e+00
-3.878879e+00, 7.522851e+00, 4.560364e+00, 4.503644e+00
-3.868869e+00, 7.484073e+00, 4.562027e+00, 4.503847e+00
-3.858859e+00, 7.445396e+00, 4.563727e+00, 4.504061e+00
-3.848849e+00, 7.406819e+00, 4.565465e+00, 4.504286e+00
-3.838839e+00, 7.368342e+00, 4.567241e+00, 4.504521e+00
-3.828829e+00, 7.329965e+00, 4.569055e+00, 4.504769e+00
-3.818819e+00, 7.291689e+00, 4.570909e+00, 4.505028e+00
-3.808809e+00, 7.253512e+00, 4.572802e+00, 4.505300e+00
-3.798799e+00, 7.215436e+00, 4.574736e+00, 4.505585e+00
-3.788789e+00, 7.177460e+00, 4.576710e+00, 4.505884e+00
-3.778779e+00, 7.139585e+00, 4.578725e+00, 4.506198e+00
-3.768769e+00, 7.101809e+00, 4.580782e+00, 4.506526e+00
-3.758759e+00, 7.064134e+00, 4.582881e+00, 4.506869e+00
-3.748749e+00, 7.026559e+00, 4.585023e+00, 4.507229e+00
-3.738739e+00, 6.989084e+00, 4.587207e+00, 4.507605e+00
-3.728729e+00, 6.951709e+00, 4.589436e+00, 4.507999e+00
-3.718719e+00, 6.914434e+00, 4.591708e+00, 4.508410e+00
-3.708709e+00, 6.877260e+00, 4.594024e+00, 4.508841e+00
-3.698699e+00, 6.840186e+00, 4.596386e+00, 4.509290e+00
-3.688689e+00, 6.803212e+00, 4.598792e+00, 4.509760e+00
-3.678679e+00, 6.766338e+00, 4.601244e+00, 4.510250e+00
-3.668669e+00, 6.729565e+00, 4.603742e+00, 4.510762e+00
-3.658659e+00, 6.692892e+00, 4.606287e+00, 4.511297e+00
-3.648649e+00, 6.656318e+00, 4.608878e+00, 4.511854e+00
-3.638639e+00, 6.619846e+00, 4.611516e+00, 4.512436e+00
-3.628629e+00, 6.583473e+00, 4.614202e+00, 4.513042e+00
-3.618619e+00, 6.547200e+00, 4.616935e+00, 4.513674e+00
-3.608609e+00, 6.511028e+00, 4.619716e+00, 4.514332e+00
-3.598599e+00, 6.474956e+00, 4.622546e+00, 4.515017e+00
-3.588589e+00, 6.438984e+00, 4.625424e+00, 4.515731e+00
-3.578579e+00, 6.403112e+00, 4.628350e+00, 4.516474e+00
-3.568569e+00, 6.367341e+00, 4.631326e+00, 4.517247e+00
-3.558559e+00, 6.331670e+00, 4.634351e+00, 4.518050e+00
-3.548549e+00, 6.296098e+00, 4.637425e+00, 4.518886e+00
-3.538539e+00, 6.260627e+00, 4.640548e+00, 4.519754e+00
-3.528529e+00, 6.225257e+00, 4.643722e+00, 4.520656e+00
-3.518519e+00, 6.189986e+00, 4.646944e+00, 4.521593e+00
-3.508509e+00, 6.154816e+00, 4.650217e+00, 4.522565e+00
-3.498498e+00, 6.119746e+00, 4.653540e+00, 4.523574e+00
-3.488488e+00, 6.084776e+00, 4.656912e+00, 4.524621e+00
-3.478478e+00, 6.049906e+00, 4.660334e+00, 4.525707e+00
-3.468468e+00, 6.015137e+00, 4.663806e+00, 4.526832e+00
-3.458458e+00, 5.980467e+00, 4.667327e+00, 4.527998e+00
-3.448448e+00, 5.945898e+00, 4.670899e+00, 4.529206e+00
-3.438438e+00, 5.911429e+00, 4.674519e+00, 4.530457e+00
-3.428428e+00, 5.877061e+00, 4.678190e+00, 4.531752e+00
-3.418418e+00, 5.842792e+00, 4.681909e+00, 4.533091e+00
-3.408408e+00, 5.808624e+00, 4.685677e+00, 4.534476e+00
-3.398398e+00, 5.774556e+00, 4.689494e+00, 4.535908e+00
-3.388388e+00, 5.740588e+00, 4.693359e+00, 4.537388e+00
-3.378378e+00, 5.706720e+00, 4.697273e+00, 4.538917e+00
-3.368368e+00, 5.672953e+00, 4.701234e+00, 4.540495e+00
-3.358358e+00, 5.639285e+00, 4.705242e+00, 4.542124e+00
-3.348348e+00, 5.605718e+00, 4.709298e+00, 4.543806e+00
-3.338338e+00, 5.572251e+00, 4.713399e+00, 4.545539e+00
-3.328328e+00, 5.538885e+00, 4.717547e+00, 4.547327e+00
-3.318318e+00, 5.505618e+00, 4.721740e+00, 4.549168e+00
-3.308308e+00, 5.472452e+00, 4.725977e+00, 4.551066e+00
-3.298298e+00, 5.439386e+00, 4.730259e+00, 4.553019e+00
-3.288288e+00, 5.406420e+00, 4.734584e+00, 4.555029e+00
-3.278278e+00, 5.373554e+00, 4.738951e+00, 4.557098e+00
-3.268268e+00, 5.340789e+00, 4.743360e+00, 4.559224e+00
-3.258258e+00, 5.308123e+00, 4.747811e+00, 4.561410e+00
-3.248248e+00, 5.275558e+00, 4.752301e+00, 4.563656e+00
-3.238238e+00, 5.243093e+00, 4.756831e+00, 4.565962e+00
-3.228228e+00, 5.210729e+00, 4.761399e+00, 4.568329e+00
-3.218218e+00, 5.178464e+00, 4.766004e+00, 4.570758e+00
-3.208208e+00, 5.146300e+00, 4.770645e+00, 4.573249e+00
-3.198198e+00, 5.114236e+00, 4.775321e+00, 4.575802e+00
-3.188188e+00, 5.082272e+00, 4.780031e+00, 4.578418e+00
-3.178178e+00, 5.050408e+00, 4.784774e+00, 4.581096e+00
-3.168168e+00, 5.018645e+00, 4.789549e+00, 4.583838e+00
-3.158158e+00, 4.986981e+00, 4.794353e+00, 4.586644e+00
-3.148148e+00, 4.955418e+00, 4.799186e+00, 4.589512e+00
-3.138138e+00, 4.923955e+00, 4.804046e+00, 4.592444e+00
-3.128128e+00, 4.892593e+00, 4.808933e+00, 4.595439e+00
-3.118118e+00, 4.861330e+00, 4.813843e+00, 4.598497e+00
-3.108108e+00, 4.830168e+00, 4.818776e+00, 4.601618e+00
-3.098098e+00, 4.799106e+00, 4.823731e+00, 4.604802e+00
-3.088088e+00, 4.768144e+00, 4.828704e+00, 4.608047e+00
-3.078078e+00, 4.737282e+00, 4.833696e+00, 4.611353e+00
-3.068068e+00, 4.706521e+00, 4.838703e+00, 4.614720e+00
-3.058058e+00, 4.675860e+00, 4.843724e+00, 4.618146e+00
-3.048048e+00, 4.645298e+00, 4.848758e+00, 4.621632e+00
-3.038038e+00, 4.614838e+00, 4.853801e+00, 4.625175e+00
-3.028028e+00, 4.584477e+00, 4.858853e+00, 4.628775e+00
-3.018018e+00, 4.554216e+00, 4.863911e+00, 4.632431e+00
-3.008008e+00, 4.524056e+00, 4.868972e+00, 4.636141e+00
-2.997998e+00, 4.493996e+00, 4.874036e+00, 4.639903e+00
-2.987988e+00, 4.464036e+00, 4.879099e+00, 4.643716e+00
-2.977978e+00, 4.434176e+00, 4.884159e+00, 4.647578e+00
-2.967968e+00, 4.404417e+00, 4.889214e+00, 4.651488e+00
-2.957958e+00, 4.374758e+00, 4.894262e+00, 4.655442e+00
-2.947948e+00, 4.345199e+00, 4.899300e+00, 4.659440e+00
-2.937938e+00, 4.315740e+00, 4.904325e+00, 4.663479e+00
-2.927928e+00, 4.286381e+00, 4.909336e+00, 4.667556e+00
-2.917918e+00, 4.257122e+00, 4.914329e+00, 4.671668e+00
-2.907908e+00, 4.227964e+00, 4.919301e+00, 4.675814e+00
-2.897898e+00, 4.198906e+00, 4.924251e+00, 4.679989e+00
-2.887888e+00, 4.169948e+00, 4.929176e+00, 4.684192e+00
-2.877878e+00, 4.141091e+00, 4.934072e+00, 4.688418e+00
-2.867868e+00, 4.112333e+00, 4.938936e+00, 4.692665e+00
-2.857858e+00, 4.083676e+00, 4.943767e+00, 4.696929e+00
-2.847848e+00, 4.055119e+00, 4.948561e+00, 4.701207e+00
-2.837838e+00, 4.026662e+00, 4.953314e+00, 4.705494e+00
-2.827828e+00, 3.998305e+00, 4.958025e+00, 4.709787e+00
-2.817818e+00, 3.970049e+00, 4.962689e+00, 4.714081e+00
-2.807808e+00, 3.941892e+00, 4.967305e+00, 4.718374e+00
-2.797798e+00, 3.913836e+00, 4.971868e+00, 4.722659e+00
-2.787788e+00, 3.885880e+00, 4.976376e+00, 4.726934e+00
-2.777778e+00, 3.858025e+00, 4.980825e+00, 4.731192e+00
-2.767768e+00, 3.830269e+00, 4.985212e+00, 4.735431e+00
-2.757758e+00, 3.802614e+00, 4.989534e+00, 4.739644e+00
-2.747748e+00, 3.775059e+00, 4.993788e+00, 4.743826e+00
-2.737738e+00, 3.747604e+00, 4.997970e+00, 4.747974e+00
-2.727728e+00, 3.720249e+00, 5.002076e+00, 4.752081e+00
-2.717718e+00, 3.692995e+00, 5.006105e+00, 4.756142e+00
-2.707708e+00, 3.665841e+00, 5.010051e+00, 4.760152e+00
-2.697698e+00, 3.638786e+00, 5.013913e+00, 4.764106e+00
-2.687688e+00, 3.611833e+00, 5.017685e+00, 4.767998e+00
-2.677678e+00, 3.584979e+00, 5.021366e+00, 4.771822e+00
-2.667668e+00, 3.558225e+00, 5.024950e+00, 4.775573e+00
-2.657658e+00, 3.531572e+00, 5.028436e+00, 4.779245e+00
-2.647648e+00, 3.505019e+00, 5.031819e+00, 4.782832e+00
-2.637638e+00, 3.478566e+00, 5.035097e+00, 4.786328e+00
-2.627628e+00, 3.452213e+00, 5.038264e+00, 4.789728e+00
-2.617618e+00, 3.425961e+00, 5.041319e+00, 4.793026e+00
-2.607608e+00, 3.399809e+00, 5.044257e+00, 4.796215e+00
-2.597598e+00, 3.373757e+00, 5.047075e+00, 4.799291e+00
-2.587588e+00, 3.347805e+00, 5.049769e+00, 4.802246e+00
-2.577578e+00, 3.321953e+00, 5.052337e+00, 4.805076e+00
-2.567568e+00, 3.296202e+00, 5.054774e+00, 4.807775e+00
-2.557558e+00, 3.270550e+00, 5.057078e+00, 4.810336e+00
-2.547548e+00, 3.244999e+00, 5.059244e+00, 4.812754e+00
-2.537538e+00, 3.219548e+00, 5.061270e+00, 4.815024e+00
-2.527528e+00, 3.194198e+00, 5.063151e+00, 4.817139e+00
-2.517518e+00, 3.168947e+00, 5.064885e+00, 4.819095e+00
-2.507508e+00, 3.143797e+00, 5.066469e+00, 4.820887e+00
-2.497497e+00, 3.118747e+00, 5.067898e+00, 4.822508e+00
-2.487487e+00, 3.093797e+00, 5.069171e+00, 4.823955e+00
-2.477477e+00, 3.068947e+00, 5.070283e+00, 4.825222e+00
-2.467467e+00, 3.044198e+00, 5.071231e+00, 4.826305e+00
-2.457457e+00, 3.019549e+00, 5.072013e+00, 4.827199e+00
-2.447447e+00, 2.995000e+00, 5.072625e+00, 4.827899e+00
-2.437437e+00, 2.970551e+00, 5.073064e+00, 4.828402e+00
-2.427427e+00, 2.946202e+00, 5.073328e+00, 4.828705e+00
-2.417417e+00, 2.921953e+00, 5.073413e+00, 4.828802e+00
-2.407407e+00, 2.897805e+00, 5.073317e+00, 4.828692e+00
-2.397397e+00, 2.873757e+00, 5.073037e+00, 4.828371e+00
-2.387387e+00, 2.849809e+00, 5.072570e+00, 4.827836e+00
-2.377377e+00, 2.825962e+00, 5.071913e+00, 4.827085e+00
-2.367367e+00, 2.802214e+00, 5.071065e+00, 4.826115e+00
-2.357357e+00, 2.778567e+00, 5.070023e+00, 4.824926e+00
-2.347347e+00, 2.755020e+00, 5.068784e+00, 4.823515e+00
-2.337337e+00, 2.731573e+00, 5.067346e+00, 4.821881e+00
-2.327327e+00, 2.708226e+00, 5.065707e+00, 4.820024e+00
-2.317317e+00, 2.684980e+00, 5.063864e+00, 4.817943e+00
-2.307307e+00, 2.661834e+00, 5.061817e+00, 4.815639e+00
-2.297297e+00, 2.638787e+00, 5.059563e+00, 4.813111e+00
-2.287287e+00, 2.615842e+00, 5.057100e+00, 4.810361e+00
-2.277277e+00, 2.592996e+00, 5.054427e+00, 4.807389e+00
-2.267267e+00, 2.570250e+00, 5.051542e+00, 4.804198e+00
-2.257257e+00, 2.547605e+00, 5.048443e+00, 4.800790e+00
-2.247247e+00, 2.525060e+00, 5.045130e+00, 4.797167e+00
-2.237237e+00, 2.502615e+00, 5.041602e+00, 4.793332e+00
-2.227227e+00, 2.480271e+00, 5.037856e+00, 4.789289e+00
-2.217217e+00, 2.458026e+00, 5.033893e+00, 4.785042e+00
-2.207207e+00, 2.435882e+00, 5.029711e+00, 4.780594e+00
-2.197197e+00, 2.413838e+00, 5.025311e+00, 4.775951e+00
-2.187187e+00, 2.391894e+00, 5.020690e+00, 4.771118e+00
-2.177177e+00, 2.370050e+00, 5.015850e+00, 4.766101e+00
-2.167167e+00, 2.348307e+00, 5.010789e+00, 4.760906e+00
-2.157157e+00, 2.326664e+00, 5.005509e+00, 4.755539e+00
-2.147147e+00, 2.305120e+00, 5.000008e+00, 4.750008e+00
-2.137137e+00, 2.283678e+00, 4.994287e+00, 4.744320e+00
-2.127127e+00, 2.262335e+00, 4.988347e+00, 4.738482e+00
-2.117117e+00, 2.241092e+00, 4.982187e+00, 4.732505e+00
-2.107107e+00, 2.219950e+00, 4.975810e+00, 4.726395e+00
-2.097097e+00, 2.198908e+00, 4.969215e+00, 4.720163e+00
-2.087087e+00, 2.177966e+00, 4.962403e+00, 4.713817e+00
-2.077077e+00, 2.157125e+00, 4.955377e+00, 4.707368e+00
-2.067067e+00, 2.136383e+00, 4.948137e+00, 4.700827e+00
-2.057057e+00, 2.115742e+00, 4.940684e+00, 4.694203e+00
-2.047047e+00, 2.095201e+00, 4.933021e+00, 4.687507e+00
-2.037037e+00, 2.074760e+00, 4.925149e+00, 4.680752e+00
-2.027027e+00, 2.054419e+00, 4.917071e+00, 4.673948e+00
-2.017017e+00, 2.034179e+00, 4.908788e+00, 4.667108e+00
-2.007007e+00, 2.014039e+00, 4.900303e+00, 4.660243e+00
-1.996997e+00, 1.993999e+00, 4.891619e+00, 4.653366e+00
-1.986987e+00, 1.974059e+00, 4.882739e+00, 4.646489e+00
-1.976977e+00, 1.954219e+00, 4.873664e+00, 4.639625e+00
-1.966967e+00, 1.934480e+00, 4.864399e+00, 4.632786e+00
-1.956957e+00, 1.914840e+00, 4.854946e+00, 4.625987e+00
-1.946947e+00, 1.895301e+00, 4.845310e+00, 4.619239e+00
-1.936937e+00, 1.875862e+00, 4.835493e+00, 4.612556e+00
-1.926927e+00, 1.856524e+00, 4.825500e+00, 4.605950e+00
-1.916917e+00, 1.837285e+00, 4.815335e+00, 4.599436e+00
-1.906907e+00, 1.818147e+00, 4.805001e+00, 4.593026e+00
-1.896897e+00, 1.799109e+00, 4.794504e+00, 4.586732e+00
-1.886887e+00, 1.780171e+00, 4.783847e+00, 4.580569e+00
-1.876877e+00, 1.761333e+00, 4.773035e+00, 4.574548e+00
-1.866867e+00, 1.742596e+00, 4.762073e+00, 4.568682e+00
-1.856857e+00, 1.723959e+00, 4.750967e+00, 4.562985e+00
-1.846847e+00, 1.705422e+00, 4.739721e+00, 4.557466e+00
-1.836837e+00, 1.686985e+00, 4.728341e+00, 4.552140e+00
-1.826827e+00, 1.668648e+00, 4.716832e+00, 4.547016e+00
-1.816817e+00, 1.650412e+00, 4.705200e+00, 4.542107e+00
-1.806807e+00, 1.632275e+00, 4.693451e+00, 4.537423e+00
-1.796797e+00, 1.614239e+00, 4.681591e+00, 4.532975e+00
-1.786787e+00, 1.596304e+00, 4.669626e+00, 4.528773e+00
-1.776777e+00, 1.578468e+00, 4.657562e+00, 4.524826e+00
-1.766767e+00, 1.560732e+00, 4.645406e+00, 4.521143e+00
-1.756757e+00, 1.543097e+00, 4.633164e+00, 4.517733e+00
-1.746747e+00, 1.525562e+00, 4.620843e+00, 4.514603e+00
-1.736737e+00, 1.508127e+00, 4.608451e+00, 4.511762e+00
-1.726727e+00, 1.490793e+00, 4.595993e+00, 4.509215e+00
-1.716717e+00, 1.473558e+00, 4.583477e+00, 4.506968e+00
-1.706707e+00, 1.456424e+00, 4.570911e+00, 4.505028e+00
-1.696697e+00, 1.439390e+00, 4.558302e+00, 4.503399e+00
-1.686687e+00, 1.422456e+00, 4.545656e+00, 4.502085e+00
-1.676677e+00, 1.405622e+00, 4.532983e+00, 4.501088e+00
-1.666667e+00, 1.388889e+00, 4.520289e+00, 4.500412e+00
-1.656657e+00, 1.372256e+00, 4.507583e+00, 4.500057e+00
-1.646647e+00, 1.355723e+00, 4.494872e+00, 4.500026e+00
-1.636637e+00, 1.339290e+00, 4.482164e+00, 4.500318e+00
-1.626627e+00, 1.322957e+00, 4.469467e+00, 4.500932e+00
-1.616617e+00, 1.306725e+00, 4.456790e+00, 4.501867e+00
-1.606607e+00, 1.290592e+00, 4.444140e+00, 4.503120e+00
-1.596597e+00, 1.274560e+00, 4.431527e+00, 4.504689e+00
-1.586587e+00, 1.258628e+00, 4.418957e+00, 4.506568e+00
-1.576577e+00, 1.242797e+00, 4.406441e+00, 4.508753e+00
-1.566567e+00, 1.227065e+00, 4.393985e+00, 4.511239e+00
-1.556557e+00, 1.211434e+00, 4.381599e+00, 4.514019e+00
-1.546547e+00, 1.195903e+00, 4.369291e+00, 4.517085e+00
-1.536537e+00, 1.180472e+00, 4.357069e+00, 4.520429e+00
-1.526527e+00, 1.165142e+00, 4.344943e+00, 4.524043e+00
-1.516517e+00, 1.149911e+00, 4.332920e+00, 4.527916e+00
-1.506507e+00, 1.134781e+00, 4.321009e+00, 4.532038e+00
-1.496496e+00, 1.119751e+00, 4.309219e+00, 4.536397e+00
-1.486486e+00, 1.104821e+00, 4.297559e+00, 4.540982e+00
-1.476476e+00, 1.089991e+00, 4.286036e+00, 4.545781e+00
-1.466466e+00, 1.075262e+00, 4.274659e+00, 4.550779e+00
-1.456456e+00, 1.060633e+00, 4.263437e+00, 4.555962e+00
-1.446446e+00, 1.046104e+00, 4.252378e+00, 4.561317e+00
-1.436436e+00, 1.031675e+00, 4.241490e+00, 4.566827e+00
-1.426426e+00, 1.017346e+00, 4.230782e+00, 4.572478e+00
-1.416416e+00, 1.003118e+00, 4.220262e+00, 4.578253e+00
-1.406406e+00, 9.889895e-01, 4.209938e+00, 4.584136e+00
-1.396396e+00, 9.749614e-01, 4.199818e+00, 4.590109e+00
-1.386386e+00, 9.610336e-01, 4.189910e+00, 4.596156e+00
-1.376376e+00, 9.472060e-01, 4.180222e+00, 4.602258e+00
-1.366366e+00, 9.334785e-01, 4.170762e+00, 4.608398e+00
-1.356356e+00, 9.198513e-01, 4.161537e+00, 4.614557e+00
-1.346346e+00, 9.063242e-01, 4.152555e+00, 4.620718e+00
-1.336336e+00, 8.928974e-01, 4.143823e+00, 4.626862e+00
-1.326326e+00, 8.795708e-01, 4.135348e+00, 4.632971e+00
-1.316316e+00, 8.663443e-01, 4.127138e+00, 4.639026e+00
-1.306306e+00, 8.532181e-01, 4.119200e+00, 4.645009e+00
-1.296296e+00, 8.401920e-01, 4.111539e+00, 4.650902e+00
-1.286286e+00, 8.272662e-01, 4.104164e+00, 4.656686e+00
-1.276276e+00, 8.144406e-01, 4.097080e+00, 4.662345e+00
-1.266266e+00, 8.017151e-01, 4.090294e+00, 4.667859e+00
-1.256256e+00, 7.890899e-01, 4.083811e+00, 4.673213e+00
-1.246246e+00, 7.765649e-01, 4.077637e+00, 4.678390e+00
-1.236236e+00, 7.641400e-01, 4.071779e+00, 4.683373e+00
-1.226226e+00, 7.518154e-01, 4.066242e+00, 4.688146e+00
-1.216216e+00, 7.395909e-01, 4.061030e+00, 4.692695e+00
-1.206206e+00, 7.274667e-01, 4.056149e+00, 4.697004e+00
-1.196196e+00, 7.154427e-01, 4.051603e+00, 4.701059e+00
-1.186186e+00, 7.035188e-01, 4.047398e+00, 4.704849e+00
-1.176176e+00, 6.916952e-01, 4.043537e+00, 4.708359e+00
-1.166166e+00, 6.799718e-01, 4.040024e+00, 4.711578e+00
-1.156156e+00, 6.683485e-01, 4.036864e+00, 4.714495e+00
-1.146146e+00, 6.568255e-01, 4.034059e+00, 4.717101e+00
-1.136136e+00, 6.454027e-01, 4.031612e+00, 4.719387e+00
-1.126126e+00, 6.340800e-01, 4.029528e+00, 4.721344e+00
-1.116116e+00, 6.228576e-01, 4.027808e+00, 4.722965e+00
-1.106106e+00, 6.117354e-01, 4.026455e+00, 4.724245e+00
-1.096096e+00, 6.007133e-01, 4.025471e+00, 4.725178e+00
-1.086086e+00, 5.897915e-01, 4.024857e+00, 4.725760e+00
-1.076076e+00, 5.789699e-01, 4.024616e+00, 4.725990e+00
-1.066066e+00, 5.682484e-01, 4.024749e+00, 4.725864e+00
-1.056056e+00, 5.576272e-01, 4.025256e+00, 4.725382e+00
-1.046046e+00, 5.471062e-01, 4.026138e+00, 4.724545e+00
-1.036036e+00, 5.366853e-01, 4.027395e+00, 4.723355e+00
-1.026026e+00, 5.263647e-01, 4.029028e+00, 4.721815e+00
-1.016016e+00, 5.161443e-01, 4.031035e+00, 4.719928e+00
-1.006006e+00, 5.060240e-01, 4.033417e+00, 4.717699e+00
-9.959960e-01, 4.960040e-01, 4.036173e+00, 4.715136e+00
-9.859860e-01, 4.860842e-01, 4.039301e+00, 4.712244e+00
-9.759760e-01, 4.762646e-01, 4.042799e+00, 4.709033e+00
-9.659660e-01, 4.665451e-01, 4.046666e+00, 4.705512e+00
-9.559560e-01, 4.569259e-01, 4.050899e+00, 4.701692e+00
-9.459459e-01, 4.474069e-01, 4.055496e+00, 4.697584e+00
-9.359359e-01, 4.379880e-01, 4.060454e+00, 4.693201e+00
-9.259259e-01, 4.286694e-01, 4.065770e+00, 4.688556e+00
-9.159159e-01, 4.194510e-01, 4.071440e+00, 4.683664e+00
-9.059059e-01, 4.103328e-01, 4.077460e+00, 4.678540e+00
-8.958959e-01, 4.013147e-01, 4.083827e+00, 4.673200e+00
-8.858859e-01, 3.923969e-01, 4.090536e+00, 4.667661e+00
-8.758759e-01, 3.835793e-01, 4.097581e+00, 4.661941e+00
-8.658659e-01, 3.748618e-01, 4.104959e+00, 4.656057e+00
-8.558559e-01, 3.662446e-01, 4.112663e+00, 4.650030e+00
-8.458458e-01, 3.577276e-01, 4.120688e+00, 4.643877e+00
-8.358358e-01, 3.493108e-01, 4.129028e+00, 4.637620e+00
-8.258258e-01, 3.409941e-01, 4.137676e+00, 4.631278e+00
-8.158158e-01, 3.327777e-01, 4.146627e+00, 4.624873e+00
-8.058058e-01, 3.246615e-01, 4.155872e+00, 4.618424e+00
-7.957958e-01, 3.166455e-01, 4.165405e+00, 4.611954e+00
-7.857858e-01, 3.087297e-01, 4.175219e+00, 4.605483e+00
-7.757758e-01, 3.009140e-01, 4.185306e+00, 4.599032e+00
-7.657658e-01, 2.931986e-01, 4.195657e+00, 4.592624e+00
-7.557558e-01, 2.855834e-01, 4.206265e+00, 4.586280e+00
-7.457457e-01, 2.780684e-01, 4.217121e+00, 4.580020e+00
-7.357357e-01, 2.706535e-01, 4.228217e+00, 4.573866e+00
-7.257257e-01, 2.633389e-01, 4.239542e+00, 4.567838e+00
-7.157157e-01, 2.561245e-01, 4.251089e+00, 4.561957e+00
-7.057057e-01, 2.490103e-01, 4.262847e+00, 4.556241e+00
-6.956957e-01, 2.419963e-01, 4.274808e+00, 4.550711e+00
-6.856857e-01, 2.350824e-01, 4.286960e+00, 4.545386e+00
-6.756757e-01, 2.282688e-01, 4.299295e+00, 4.540282e+00
-6.656657e-01, 2.215554e-01, 4.311802e+00, 4.535419e+00
-6.556557e-01, 2.149422e-01, 4.324469e+00, 4.530811e+00
-6.456456e-01, 2.084291e-01, 4.337288e+00, 4.526475e+00
-6.356356e-01, 2.020163e-01, 4.350246e+00, 4.522426e+00
-6.256256e-01, 1.957037e-01, 4.363334e+00, 4.518678e+00
-6.156156e-01, 1.894913e-01, 4.376539e+00, 4.515243e+00
-6.056056e-01, 1.833791e-01, 4.389851e+00, 4.512133e+00
-5.955956e-01, 1.773671e-01, 4.403258e+00, 4.509359e+00
-5.855856e-01, 1.714552e-01, 4.416749e+00, 4.506931e+00
-5.755756e-01, 1.656436e-01, 4.430313e+00, 4.504856e+00
-5.655656e-01, 1.599322e-01, 4.443936e+00, 4.503143e+00
-5.555556e-01, 1.543210e-01, 4.457609e+00, 4.501797e+00
-5.455455e-01, 1.488100e-01, 4.471318e+00, 4.500823e+00
-5.355355e-01, 1.433992e-01, 4.485053e+00, 4.500223e+00
-5.255255e-01, 1.380885e-01, 4.498800e+00, 4.500001e+00
-5.155155e-01, 1.328781e-01, 4.512549e+00, 4.500157e+00
-5.055055e-01, 1.277679e-01, 4.526286e+00, 4.500691e+00
-4.954955e-01, 1.227579e-01, 4.540001e+00, 4.501600e+00
-4.854855e-01, 1.178481e-01, 4.553680e+00, 4.502882e+00
-4.754755e-01, 1.130385e-01, 4.567312e+00, 4.504531e+00
-4.654655e-01, 1.083290e-01, 4.580885e+00, 4.506542e+00
-4.554555e-01, 1.037198e-01, 4.594387e+00, 4.508909e+00
-4.454454e-01, 9.921082e-02, 4.607806e+00, 4.511622e+00
-4.354354e-01, 9.480201e-02, 4.621130e+00, 4.514672e+00
-4.254254e-01, 9.049340e-02, 4.634346e+00, 4.518049e+00
-4.154154e-01, 8.628498e-02, 4.647445e+00, 4.521740e+00
-4.054054e-01, 8.217677e-02, 4.660412e+00, 4.525732e+00
-3.953954e-01, 7.816876e-02, 4.673238e+00, 4.530011e+00
-3.853854e-01, 7.426095e-02, 4.685910e+00, 4.534562e+00
-3.753754e-01, 7.045334e-02, 4.698417e+00, 4.539369e+00
-3.653654e-01, 6.674593e-02, 4.710748e+00, 4.544415e+00
-3.553554e-01, 6.313871e-02, 4.722892e+00, 4.549681e+00
-3.453453e-01, 5.963170e-02, 4.734838e+00, 4.555149e+00
-3.353353e-01, 5.622489e-02, 4.746575e+00, 4.560799e+00
-3.253253e-01, 5.291828e-02, 4.758092e+00, 4.566611e+00
-3.153153e-01, 4.971187e-02, 4.769379e+00, 4.572565e+00
-3.053053e-01, 4.660566e-02, 4.780426e+00, 4.578639e+00
-2.952953e-01, 4.359966e-02, 4.791223e+00, 4.584811e+00
-2.852853e-01, 4.069385e-02, 4.801760e+00, 4.591059e+00
-2.752753e-01, 3.788824e-02, 4.812027e+00, 4.597361e+00
-2.652653e-01, 3.518283e-02, 4.822015e+00, 4.603693e+00
-2.552553e-01, 3.257762e-02, 4.831715e+00, 4.610035e+00
-2.452452e-01, 3.007262e-02, 4.841118e+00, 4.616361e+00
-2.352352e-01, 2.766781e-02, 4.850215e+00, 4.622651e+00
-2.252252e-01, 2.536320e-02, 4.858999e+00, 4.628880e+00
-2.152152e-01, 2.315879e-02, 4.867460e+00, 4.635027e+00
-2.052052e-01, 2.105459e-02, 4.875592e+00, 4.641070e+00
-1.951952e-01, 1.905058e-02, 4.883387e+00, 4.646986e+00
-1.851852e-01, 1.714678e-02, 4.890838e+00, 4.652754e+00
-1.751752e-01, 1.534317e-02, 4.897937e+00, 4.658354e+00
-1.651652e-01, 1.363977e-02, 4.904679e+00, 4.663765e+00
-1.551552e-01, 1.203656e-02, 4.911058e+00, 4.668968e+00
-1.451451e-01, 1.053356e-02, 4.917066e+00, 4.673944e+00
-1.351351e-01, 9.130752e-03, 4.922699e+00, 4.678675e+00
-1.251251e-01, 7.828148e-03, 4.927952e+00, 4.683143e+00
-1.151151e-01, 6.625745e-03, 4.932820e+00, 4.687333e+00
-1.051051e-01, 5.523542e-03, 4.937298e+00, 4.691230e+00
-9.509510e-02, 4.521539e-03, 4.941382e+00, 4.694818e+00
-8.508509e-02, 3.619736e-03, 4.945069e+00, 4.698086e+00
-7.507508e-02, 2.818133e-03, 4.948354e+00, 4.701021e+00
-6.506507e-02, 2.116731e-03, 4.951236e+00, 4.703614e+00
-5.505506e-02, 1.515530e-03, 4.953710e+00, 4.705853e+00
-4.504505e-02, 1.014528e-03, 4.955776e+00, 4.707732e+00
-3.503504e-02, 6.137268e-04, 4.957431e+00, 4.709243e+00
-2.502503e-02, 3.131259e-04, 4.958673e+00, 4.710381e+00
-1.501502e-02, 1.127253e-04, 4.959502e+00, 4.711142e+00
-5.005005e-03, 1.252504e-05, 4.959917e+00, 4.711524e+00
5.005005e-03, 1.252504e-05, 4.959917e+00, 4.711523e+00
1.501502e-02, 1.127253e-04, 4.959502e+00, 4.711142e+00
2.502503e-02, 3.131259e-04, 4.958673e+00, 4.710381e+00
3.503504e-02, 6.137268e-04, 4.957430e+00, 4.709242e+00
4.504505e-02, 1.014528e-03, 4.955775e+00, 4.707730e+00
5.505506e-02, 1.515530e-03, 4.953708e+00, 4.705851e+00
6.506507e-02, 2.116731e-03, 4.951233e+00, 4.703611e+00
7.507508e-02, 2.818133e-03, 4.948351e+00, 4.701019e+00
8.508509e-02, 3.619736e-03, 4.945066e+00, 4.698083e+00
9.509510e-02, 4.521539e-03, 4.941379e+00, 4.694815e+00
1.051051e-01, 5.523542e-03, 4.937294e+00, 4.691226e+00
1.151151e-01, 6.625745e-03, 4.932816e+00, 4.687330e+00
1.251251e-01, 7.828148e-03, 4.927948e+00, 4.683139e+00
1.351351e-01, 9.130752e-03, 4.922695e+00, 4.678671e+00
1.451451e-01, 1.053356e-02, 4.917061e+00, 4.673940e+00
1.551552e-01, 1.203656e-02, 4.911052e+00, 4.668964e+00
1.651652e-01, 1.363977e-02, 4.904674e+00, 4.663761e+00
1.751752e-01, 1.534317e-02, 4.897931e+00, 4.658349e+00
1.851852e-01, 1.714678e-02, 4.890832e+00, 4.652749e+00
1.951952e-01, 1.905058e-02, 4.883381e+00, 4.646981e+00
2.052052e-01, 2.105459e-02, 4.875585e+00, 4.641064e+00
2.152152e-01, 2.315879e-02, 4.867453e+00, 4.635022e+00
2.252252e-01, 2.536320e-02, 4.858991e+00, 4.628875e+00
2.352352e-01, 2.766781e-02, 4.850207e+00, 4.622645e+00
2.452452e-01, 3.007262e-02, 4.841110e+00, 4.616356e+00
2.552553e-01, 3.257762e-02, 4.831706e+00, 4.610029e+00
2.652653e-01, 3.518283e-02, 4.822006e+00, 4.603688e+00
2.752753e-01, 3.788824e-02, 4.812018e+00, 4.597355e+00
2.852853e-01, 4.069385e-02, 4.801751e+00, 4.591053e+00
2.952953e-01, 4.359966e-02, 4.791214e+00, 4.584805e+00
3.053053e-01, 4.660566e-02, 4.780417e+00, 4.578634e+00
3.153153e-01, 4.971187e-02, 4.769369e+00, 4.572560e+00
3.253253e-01, 5.291828e-02, 4.758082e+00, 4.566606e+00
3.353353e-01, 5.622489e-02, 4.746565e+00, 4.560794e+00
3.453453e-01, 5.963170e-02, 4.734828e+00, 4.555144e+00
3.553554e-01, 6.313871e-02, 4.722882e+00, 4.549676e+00
3.653654e-01, 6.674593e-02, 4.710738e+00, 4.544410e+00
3.753754e-01, 7.045334e-02, 4.698406e+00, 4.539365e+00
3.853854e-01, 7.426095e-02, 4.685899e+00, 4.534558e+00
3.953954e-01, 7.816876e-02, 4.673227e+00, 4.530007e+00
4.054054e-01, 8.217677e-02, 4.660401e+00, 4.525728e+00
4.154154e-01, 8.628498e-02, 4.647433e+00, 4.521737e+00
4.254254e-01, 9.049340e-02, 4.634335e+00, 4.518046e+00
4.354354e-01, 9.480201e-02, 4.621118e+00, 4.514670e+00
4.454454e-01, 9.921082e-02, 4.607794e+00, 4.511620e+00
4.554555e-01, 1.037198e-01, 4.594376e+00, 4.508907e+00
4.654655e-01, 1.083290e-01, 4.580874e+00, 4.506541e+00
4.754755e-01, 1.130385e-01, 4.567300e+00, 4.504529e+00
4.854855e-01, 1.178481e-01, 4.553668e+00, 4.502880e+00
4.954955e-01, 1.227579e-01, 4.539989e+00, 4.501599e+00
5.055055e-01, 1.277679e-01, 4.526274e+00, 4.500690e+00
5.155155e-01, 1.328781e-01, 4.512537e+00, 4.500157e+00
5.255255e-01, 1.380885e-01, 4.498788e+00, 4.500001e+00
5.355355e-01, 1.433992e-01, 4.485041e+00, 4.500224e+00
5.455455e-01, 1.488100e-01, 4.471306e+00, 4.500823e+00
5.555556e-01, 1.543210e-01, 4.457597e+00, 4.501798e+00
5.655656e-01, 1.599322e-01, 4.443924e+00, 4.503144e+00
5.755756e-01, 1.656436e-01, 4.430301e+00, 4.504858e+00
5.855856e-01, 1.714552e-01, 4.416738e+00, 4.506933e+00
5.955956e-01, 1.773671e-01, 4.403247e+00, 4.509361e+00
6.056056e-01, 1.833791e-01, 4.389839e+00, 4.512135e+00
6.156156e-01, 1.894913e-01, 4.376528e+00, 4.515245e+00
6.256256e-01, 1.957037e-01, 4.363322e+00, 4.518681e+00
6.356356e-01, 2.020163e-01, 4.350235e+00, 4.522430e+00
6.456456e-01, 2.084291e-01, 4.337277e+00, 4.526479e+00
6.556557e-01, 2.149422e-01, 4.324458e+00, 4.530815e+00
6.656657e-01, 2.215554e-01, 4.311791e+00, 4.535423e+00
6.756757e-01, 2.282688e-01, 4.299284e+00, 4.540287e+00
6.856857e-01, 2.350824e-01, 4.286950e+00, 4.545390e+00
6.956957e-01, 2.419963e-01, 4.274797e+00, 4.550716e+00
7.057057e-01, 2.490103e-01, 4.262837e+00, 4.556246e+00
7.157157e-01, 2.561245e-01, 4.251079e+00, 4.561962e+00
7.257257e-01, 2.633389e-01, 4.239532e+00, 4.567843e+00
7.357357e-01, 2.706535e-01, 4.228207e+00, 4.573872e+00
7.457457e-01, 2.780684e-01, 4.217112e+00, 4.580026e+00
7.557558e-01, 2.855834e-01, 4.206256e+00, 4.586286e+00
7.657658e-01, 2.931986e-01, 4.195648e+00, 4.592630e+00
7.757758e-01, 3.009140e-01, 4.185297e+00, 4.599038e+00
7.857858e-01, 3.087297e-01, 4.175211e+00, 4.605488e+00
7.957958e-01, 3.166455e-01, 4.165397e+00, 4.611959e+00
8.058058e-01, 3.246615e-01, 4.155864e+00, 4.618430e+00
8.158158e-01, 3.327777e-01, 4.146619e+00, 4.624878e+00
8.258258e-01, 3.409941e-01, 4.137669e+00, 4.631284e+00
8.358358e-01, 3.493108e-01, 4.129021e+00, 4.637626e+00
8.458458e-01, 3.577276e-01, 4.120681e+00, 4.643883e+00
8.558559e-01, 3.662446e-01, 4.112656e+00, 4.650035e+00
8.658659e-01, 3.748618e-01, 4.104952e+00, 4.656063e+00
8.758759e-01, 3.835793e-01, 4.097575e+00, 4.661946e+00
8.858859e-01, 3.923969e-01, 4.090530e+00, 4.667666e+00
8.958959e-01, 4.013147e-01, 4.083822e+00, 4.673204e+00
9.059059e-01, 4.103328e-01, 4.077455e+00, 4.678544e+00
9.159159e-01, 4.194510e-01, 4.071435e+00, 4.683668e+00
9.259259e-01, 4.286694e-01, 4.065765e+00, 4.688560e+00
9.359359e-01, 4.379880e-01, 4.060450e+00, 4.693205e+00
9.459459e-01, 4.474069e-01, 4.055492e+00, 4.697588e+00
9.559560e-01, 4.569259e-01, 4.050895e+00, 4.701695e+00
9.659660e-01, 4.665451e-01, 4.046662e+00, 4.705515e+00
9.759760e-01, 4.762646e-01, 4.042796e+00, 4.709036e+00
9.859860e-01, 4.860842e-01, 4.039298e+00, 4.712246e+00
9.959960e-01, 4.960040e-01, 4.036171e+00, 4.715138e+00
1.006006e+00, 5.060240e-01, 4.033415e+00, 4.717701e+00
1.016016e+00, 5.161443e-01, 4.031034e+00, 4.719929e+00
1.026026e+00, 5.263647e-01, 4.029026e+00, 4.721816e+00
1.036036e+00, 5.366853e-01, 4.027394e+00, 4.723356e+00
1.046046e+00, 5.471062e-01, 4.026137e+00, 4.724546e+00
1.056056e+00, 5.576272e-01, 4.025255e+00, 4.725382e+00
1.066066e+00, 5.682484e-01, 4.024749e+00, 4.725864e+00
1.076076e+00, 5.789699e-01, 4.024617e+00, 4.725989e+00
1.086086e+00, 5.897915e-01, 4.024858e+00, 4.725760e+00
1.096096e+00, 6.007133e-01, 4.025472e+00, 4.725177e+00
1.106106e+00, 6.117354e-01, 4.026456e+00, 4.724244e+00
1.116116e+00, 6.228576e-01, 4.027810e+00, 4.722964e+00
1.126126e+00, 6.340800e-01, 4.029530e+00, 4.721342e+00
1.136136e+00, 6.454027e-01, 4.031615e+00, 4.719385e+00
1.146146e+00, 6.568255e-01, 4.034061e+00, 4.717099e+00
1.156156e+00, 6.683485e-01, 4.036867e+00, 4.714493e+00
1.166166e+00, 6.799718e-01, 4.040028e+00, 4.711575e+00
1.176176e+00, 6.916952e-01, 4.043541e+00, 4.708355e+00
1.186186e+00, 7.035188e-01, 4.047402e+00, 4.704845e+00
1.196196e+00, 7.154427e-01, 4.051608e+00, 4.701056e+00
1.206206e+00, 7.274667e-01, 4.056154e+00, 4.697000e+00
1.216216e+00, 7.395909e-01, 4.061035e+00, 4.692690e+00
1.226226e+00, 7.518154e-01, 4.066247e+00, 4.688142e+00
1.236236e+00, 7.641400e-01, 4.071785e+00, 4.683368e+00
1.246246e+00, 7.765649e-01, 4.077643e+00, 4.678385e+00
1.256256e+00, 7.890899e-01, 4.083817e+00, 4.673208e+00
1.266266e+00, 8.017151e-01, 4.090300e+00, 4.667854e+00
1.276276e+00, 8.144406e-01, 4.097087e+00, 4.662339e+00
1.286286e+00, 8.272662e-01, 4.104171e+00, 4.656680e+00
1.296296e+00, 8.401920e-01, 4.111547e+00, 4.650896e+00
1.306306e+00, 8.532181e-01, 4.119207e+00, 4.645003e+00
1.316316e+00, 8.663443e-01, 4.127146e+00, 4.639020e+00
1.326326e+00, 8.795708e-01, 4.135356e+00, 4.632965e+00
1.336336e+00, 8.928974e-01, 4.143831e+00, 4.626856e+00
1.346346e+00, 9.063242e-01, 4.152563e+00, 4.620712e+00
1.356356e+00, 9.198513e-01, 4.161546e+00, 4.614551e+00
1.366366e+00, 9.334785e-01, 4.170771e+00, 4.608392e+00
1.376376e+00, 9.472060e-01, 4.180232e+00, 4.602252e+00
1.386386e+00, 9.610336e-01, 4.189920e+00, 4.596150e+00
1.396396e+00, 9.749614e-01, 4.199828e+00, 4.590103e+00
1.406406e+00, 9.889895e-01, 4.209948e+00, 4.584130e+00
1.416416e+00, 1.003118e+00, 4.220273e+00, 4.578247e+00
1.426426e+00, 1.017346e+00, 4.230793e+00, 4.572472e+00
1.436436e+00, 1.031675e+00, 4.241501e+00, 4.566822e+00
1.446446e+00, 1.046104e+00, 4.252389e+00, 4.561311e+00
1.456456e+00, 1.060633e+00, 4.263448e+00, 4.555957e+00
1.466466e+00, 1.075262e+00, 4.274670e+00, 4.550773e+00
1.476476e+00, 1.089991e+00, 4.286047e+00, 4.545776e+00
1.486486e+00, 1.104821e+00, 4.297570e+00, 4.540978e+00
1.496496e+00, 1.119751e+00, 4.309231e+00, 4.536393e+00
1.506507e+00, 1.134781e+00, 4.321021e+00, 4.532033e+00
1.516517e+00, 1.149911e+00, 4.332932e+00, 4.527912e+00
1.526527e+00, 1.165142e+00, 4.344955e+00, 4.524039e+00
1.536537e+00, 1.180472e+00, 4.357081e+00, 4.520426e+00
1.546547e+00, 1.195903e+00, 4.369303e+00, 4.517082e+00
1.556557e+00, 1.211434e+00, 4.381611e+00, 4.514016e+00
1.566567e+00, 1.227065e+00, 4.393997e+00, 4.511237e+00
1.576577e+00, 1.242797e+00, 4.406453e+00, 4.508751e+00
1.586587e+00, 1.258628e+00, 4.418970e+00, 4.506566e+00
1.596597e+00, 1.274560e+00, 4.431539e+00, 4.504687e+00
1.606607e+00, 1.290592e+00, 4.444153e+00, 4.503119e+00
1.616617e+00, 1.306725e+00, 4.456803e+00, 4.501866e+00
1.626627e+00, 1.322957e+00, 4.469480e+00, 4.500931e+00
1.636637e+00, 1.339290e+00, 4.482177e+00, 4.500318e+00
1.646647e+00, 1.355723e+00, 4.494885e+00, 4.500026e+00
1.656657e+00, 1.372256e+00, 4.507596e+00, 4.500058e+00
1.666667e+00, 1.388889e+00, 4.520302e+00, 4.500412e+00
1.676677e+00, 1.405622e+00, 4.532996e+00, 4.501089e+00
1.686687e+00, 1.422456e+00, 4.545669e+00, 4.502086e+00
1.696697e+00, 1.439390e+00, 4.558315e+00, 4.503401e+00
1.706707e+00, 1.456424e+00, 4.570924e+00, 4.505030e+00
1.716717e+00, 1.473558e+00, 4.583490e+00, 4.506971e+00
1.726727e+00, 1.490793e+00, 4.596006e+00, 4.509217e+00
1.736737e+00, 1.508127e+00, 4.608463e+00, 4.511764e+00
1.746747e+00, 1.525562e+00, 4.620856e+00, 4.514606e+00
1.756757e+00, 1.543097e+00, 4.633177e+00, 4.517736e+00
1.766767e+00, 1.560732e+00, 4.645418e+00, 4.521146e+00
1.776777e+00, 1.578468e+00, 4.657574e+00, 4.524830e+00
1.786787e+00, 1.596304e+00, 4.669638e+00, 4.528777e+00
1.796797e+00, 1.614239e+00, 4.681603e+00, 4.532980e+00
1.806807e+00, 1.632275e+00, 4.693464e+00, 4.537428e+00
1.816817e+00, 1.650412e+00, 4.705212e+00, 4.542112e+00
1.826827e+00, 1.668648e+00, 4.716844e+00, 4.547021e+00
1.836837e+00, 1.686985e+00, 4.728353e+00, 4.552145e+00
1.846847e+00, 1.705422e+00, 4.739733e+00, 4.557472e+00
1.856857e+00, 1.723959e+00, 4.750979e+00, 4.562990e+00
1.866867e+00, 1.742596e+00, 4.762085e+00, 4.568689e+00
1.876877e+00, 1.761333e+00, 4.773046e+00, 4.574554e+00
1.886887e+00, 1.780171e+00, 4.783858e+00, 4.580575e+00
1.896897e+00, 1.799109e+00, 4.794515e+00, 4.586739e+00
1.906907e+00, 1.818147e+00, 4.805012e+00, 4.593032e+00
1.916917e+00, 1.837285e+00, 4.815346e+00, 4.599443e+00
1.926927e+00, 1.856524e+00, 4.825511e+00, 4.605957e+00
1.936937e+00, 1.875862e+00, 4.835504e+00, 4.612563e+00
1.946947e+00, 1.895301e+00, 4.845320e+00, 4.619246e+00
1.956957e+00, 1.914840e+00, 4.854956e+00, 4.625994e+00
1.966967e+00, 1.934480e+00, 4.864409e+00, 4.632794e+00
1.976977e+00, 1.954219e+00, 4.873674e+00, 4.639632e+00
1.986987e+00, 1.974059e+00, 4.882748e+00, 4.646496e+00
1.996997e+00, 1.993999e+00, 4.891628e+00, 4.653373e+00
2.007007e+00, 2.014039e+00, 4.900312e+00, 4.660250e+00
2.017017e+00, 2.034179e+00, 4.908797e+00, 4.667115e+00
2.027027e+00, 2.054419e+00, 4.917079e+00, 4.673955e+00
2.037037e+00, 2.074760e+00, 4.925158e+00, 4.680759e+00
2.047047e+00, 2.095201e+00, 4.933029e+00, 4.687514e+00
2.057057e+00, 2.115742e+00, 4.940692e+00, 4.694209e+00
2.067067e+00, 2.136383e+00, 4.948144e+00, 4.700833e+00
2.077077e+00, 2.157125e+00, 4.955384e+00, 4.707375e+00
2.087087e+00, 2.177966e+00, 4.962411e+00, 4.713823e+00
2.097097e+00, 2.198908e+00, 4.969222e+00, 4.720169e+00
2.107107e+00, 2.219950e+00, 4.975816e+00, 4.726401e+00
2.117117e+00, 2.241092e+00, 4.982194e+00, 4.732511e+00
2.127127e+00, 2.262335e+00, 4.988353e+00, 4.738488e+00
2.137137e+00, 2.283678e+00, 4.994293e+00, 4.744325e+00
2.147147e+00, 2.305120e+00, 5.000013e+00, 4.750013e+00
2.157157e+00, 2.326664e+00, 5.005514e+00, 4.755544e+00
2.167167e+00, 2.348307e+00, 5.010794e+00, 4.760911e+00
2.177177e+00, 2.370050e+00, 5.015855e+00, 4.766106e+00
2.187187e+00, 2.391894e+00, 5.020695e+00, 4.771123e+00
2.197197e+00, 2.413838e+00, 5.025315e+00, 4.775956e+00
2.207207e+00, 2.435882e+00, 5.029715e+00, 4.780598e+00
2.217217e+00, 2.458026e+00, 5.033897e+00, 4.785045e+00
2.227227e+00, 2.480271e+00, 5.037859e+00, 4.789293e+00
2.237237e+00, 2.502615e+00, 5.041605e+00, 4.793336e+00
2.247247e+00, 2.525060e+00, 5.045133e+00, 4.797170e+00
2.257257e+00, 2.547605e+00, 5.048446e+00, 4.800793e+00
2.267267e+00, 2.570250e+00, 5.051544e+00, 4.804201e+00
2.277277e+00, 2.592996e+00, 5.054429e+00, 4.807391e+00
2.287287e+00, 2.615842e+00, 5.057102e+00, 4.810362e+00
2.297297e+00, 2.638787e+00, 5.059564e+00, 4.813112e+00
2.307307e+00, 2.661834e+00, 5.061818e+00, 4.815640e+00
2.317317e+00, 2.684980e+00, 5.063865e+00, 4.817944e+00
2.327327e+00, 2.708226e+00, 5.065707e+00, 4.820024e+00
2.337337e+00, 2.731573e+00, 5.067346e+00, 4.821881e+00
2.347347e+00, 2.755020e+00, 5.068783e+00, 4.823515e+00
2.357357e+00, 2.778567e+00, 5.070022e+00, 4.824925e+00
2.367367e+00, 2.802214e+00, 5.071064e+00, 4.826115e+00
2.377377e+00, 2.825962e+00, 5.071912e+00, 4.827084e+00
2.387387e+00, 2.849809e+00, 5.072568e+00, 4.827834e+00
2.397397e+00, 2.873757e+00, 5.073035e+00, 4.828369e+00
2.407407e+00, 2.897805e+00, 5.073315e+00, 4.828690e+00
2.417417e+00, 2.921953e+00, 5.073411e+00, 4.828800e+00
2.427427e+00, 2.946202e+00, 5.073325e+00, 4.828702e+00
2.437437e+00, 2.970551e+00, 5.073061e+00, 4.828399e+00
2.447447e+00, 2.995000e+00, 5.072622e+00, 4.827896e+00
2.457457e+00, 3.019549e+00, 5.072009e+00, 4.827195e+00
2.467467e+00, 3.044198e+00, 5.071227e+00, 4.826301e+00
2.477477e+00, 3.068947e+00, 5.070279e+00, 4.825218e+00
2.487487e+00, 3.093797e+00, 5.069166e+00, 4.823950e+00
2.497497e+00, 3.118747e+00, 5.067894e+00, 4.822503e+00
2.507508e+00, 3.143797e+00, 5.066464e+00, 4.820881e+00
2.517518e+00, 3.168947e+00, 5.064880e+00, 4.819090e+00
2.527528e+00, 3.194198e+00, 5.063146e+00, 4.817133e+00
2.537538e+00, 3.219548e+00, 5.061264e+00, 4.815017e+00
2.547548e+00, 3.244999e+00, 5.059238e+00, 4.812747e+00
2.557558e+00, 3.270550e+00, 5.057072e+00, 4.810329e+00
2.567568e+00, 3.296202e+00, 5.054768e+00, 4.807768e+00
2.577578e+00, 3.321953e+00, 5.052330e+00, 4.805069e+00
2.587588e+00, 3.347805e+00, 5.049763e+00, 4.802239e+00
2.597598e+00, 3.373757e+00, 5.047068e+00, 4.799283e+00
2.607608e+00, 3.399809e+00, 5.044249e+00, 4.796207e+00
2.617618e+00, 3.425961e+00, 5.041311e+00, 4.793018e+00
2.627628e+00, 3.452213e+00, 5.038256e+00, 4.789720e+00
2.637638e+00, 3.478566e+00, 5.035088e+00, 4.786319e+00
2.647648e+00, 3.505019e+00, 5.031811e+00, 4.782823e+00
2.657658e+00, 3.531572e+00, 5.028427e+00, 4.779236e+00
2.667668e+00, 3.558225e+00, 5.024941e+00, 4.775563e+00
2.677678e+00, 3.584979e+00, 5.021356e+00, 4.771812e+00
2.687688e+00, 3.611833e+00, 5.017676e+00, 4.767988e+00
2.697698e+00, 3.638786e+00, 5.013903e+00, 4.764096e+00
2.707708e+00, 3.665841e+00, 5.010041e+00, 4.760142e+00
2.717718e+00, 3.692995e+00, 5.006095e+00, 4.756132e+00
2.727728e+00, 3.720249e+00, 5.002066e+00, 4.752070e+00
2.737738e+00, 3.747604e+00, 4.997959e+00, 4.747963e+00
2.747748e+00, 3.775059e+00, 4.993777e+00, 4.743815e+00
2.757758e+00, 3.802614e+00, 4.989523e+00, 4.739633e+00
2.767768e+00, 3.830269e+00, 4.985200e+00, 4.735419e+00
2.777778e+00, 3.858025e+00, 4.980813e+00, 4.731181e+00
2.787788e+00, 3.885880e+00, 4.976364e+00, 4.726922e+00
2.797798e+00, 3.913836e+00, 4.971856e+00, 4.722648e+00
2.807808e+00, 3.941892e+00, 4.967292e+00, 4.718362e+00
2.817818e+00, 3.970049e+00, 4.962677e+00, 4.714070e+00
2.827828e+00, 3.998305e+00, 4.958012e+00, 4.709775e+00
2.837838e+00, 4.026662e+00, 4.953301e+00, 4.705482e+00
2.847848e+00, 4.055119e+00, 4.948547e+00, 4.701195e+00
2.857858e+00, 4.083676e+00, 4.943753e+00, 4.696917e+00
2.867868e+00, 4.112333e+00, 4.938923e+00, 4.692653e+00
2.877878e+00, 4.141091e+00, 4.934058e+00, 4.688406e+00
2.887888e+00, 4.169948e+00, 4.929162e+00, 4.684180e+00
2.897898e+00, 4.198906e+00, 4.924237e+00, 4.679977e+00
2.907908e+00, 4.227964e+00, 4.919287e+00, 4.675801e+00
2.917918e+00, 4.257122e+00, 4.914314e+00, 4.671656e+00
2.927928e+00, 4.286381e+00, 4.909321e+00, 4.667543e+00
2.937938e+00, 4.315740e+00, 4.904310e+00, 4.663466e+00
2.947948e+00, 4.345199e+00, 4.899284e+00, 4.659428e+00
2.957958e+00, 4.374758e+00, 4.894246e+00, 4.655430e+00
2.967968e+00, 4.404417e+00, 4.889198e+00, 4.651475e+00
2.977978e+00, 4.434176e+00, 4.884143e+00, 4.647566e+00
2.987988e+00, 4.464036e+00, 4.879082e+00, 4.643703e+00
2.997998e+00, 4.493996e+00, 4.874019e+00, 4.639890e+00
3.008008e+00, 4.524056e+00, 4.868955e+00, 4.636128e+00
3.018018e+00, 4.554216e+00, 4.863894e+00, 4.632419e+00
3.028028e+00, 4.584477e+00, 4.858836e+00, 4.628763e+00
3.038038e+00, 4.614838e+00, 4.853784e+00, 4.625163e+00
3.048048e+00, 4.645298e+00, 4.848740e+00, 4.621620e+00
3.058058e+00, 4.675860e+00, 4.843706e+00, 4.618134e+00
3.068068e+00, 4.706521e+00, 4.838685e+00, 4.614707e+00
3.078078e+00, 4.737282e+00, 4.833677e+00, 4.611341e+00
3.088088e+00, 4.768144e+00, 4.828686e+00, 4.608034e+00
3.098098e+00, 4.799106e+00, 4.823712e+00, 4.604789e+00
3.108108e+00, 4.830168e+00, 4.818757e+00, 4.601606e+00
3.118118e+00, 4.861330e+00, 4.813824e+00, 4.598485e+00
3.128128e+00, 4.892593e+00, 4.808913e+00, 4.595427e+00
3.138138e+00, 4.923955e+00, 4.804027e+00, 4.592432e+00
3.148148e+00, 4.955418e+00, 4.799166e+00, 4.589500e+00
3.158158e+00, 4.986981e+00, 4.794333e+00, 4.586632e+00
3.168168e+00, 5.018645e+00, 4.789528e+00, 4.583827e+00
3.178178e+00, 5.050408e+00, 4.784754e+00, 4.581085e+00
3.188188e+00, 5.082272e+00, 4.780011e+00, 4.578406e+00
3.198198e+00, 5.114236e+00, 4.775300e+00, 4.575790e+00
3.208208e+00, 5.146300e+00, 4.770624e+00, 4.573237e+00
3.218218e+00, 5.178464e+00, 4.765982e+00, 4.570746e+00
3.228228e+00, 5.210729e+00, 4.761377e+00, 4.568318e+00
3.238238e+00, 5.243093e+00, 4.756809e+00, 4.565951e+00
3.248248e+00, 5.275558e+00, 4.752279e+00, 4.563645e+00
3.258258e+00, 5.308123e+00, 4.747788e+00, 4.561399e+00
3.268268e+00, 5.340789e+00, 4.743337e+00, 4.559213e+00
3.278278e+00, 5.373554e+00, 4.738928e+00, 4.557087e+00
3.288288e+00, 5.406420e+00, 4.734560e+00, 4.555018e+00
3.298298e+00, 5.439386e+00, 4.730235e+00, 4.553008e+00
3.308308e+00, 5.472452e+00, 4.725953e+00, 4.551055e+00
3.318318e+00, 5.505618e+00, 4.721716e+00, 4.549158e+00
3.328328e+00, 5.538885e+00, 4.717522e+00, 4.547316e+00
3.338338e+00, 5.572251e+00, 4.713375e+00, 4.545529e+00
3.348348e+00, 5.605718e+00, 4.709273e+00, 4.543795e+00
3.358358e+00, 5.639285e+00, 4.705217e+00, 4.542114e+00
3.368368e+00, 5.672953e+00, 4.701208e+00, 4.540485e+00
3.378378e+00, 5.706720e+00, 4.697247e+00, 4.538906e+00
3.388388e+00, 5.740588e+00, 4.693333e+00, 4.537378e+00
3.398398e+00, 5.774556e+00, 4.689468e+00, 4.535898e+00
3.408408e+00, 5.808624e+00, 4.685650e+00, 4.534466e+00
3.418418e+00, 5.842792e+00, 4.681882e+00, 4.533081e+00
3.428428e+00, 5.877061e+00, 4.678162e+00, 4.531742e+00
3.438438e+00, 5.911429e+00, 4.674491e+00, 4.530447e+00
3.448448e+00, 5.945898e+00, 4.670870e+00, 4.529197e+00
3.458458e+00, 5.980467e+00, 4.667299e+00, 4.527989e+00
3.468468e+00, 6.015137e+00, 4.663777e+00, 4.526823e+00
3.478478e+00, 6.049906e+00, 4.660304e+00, 4.525697e+00
3.488488e+00, 6.084776e+00, 4.656882e+00, 4.524612e+00
3.498498e+00, 6.119746e+00, 4.653509e+00, 4.523565e+00
3.508509e+00, 6.154816e+00, 4.650186e+00, 4.522556e+00
3.518519e+00, 6.189986e+00, 4.646913e+00, 4.521584e+00
3.528529e+00, 6.225257e+00, 4.643690e+00, 4.520647e+00
3.538539e+00, 6.260627e+00, 4.640516e+00, 4.519745e+00
3.548549e+00, 6.296098e+00, 4.637392e+00, 4.518877e+00
3.558559e+00, 6.331670e+00, 4.634318e+00, 4.518041e+00
3.568569e+00, 6.367341e+00, 4.631293e+00, 4.517238e+00
3.578579e+00, 6.403112e+00, 4.628316e+00, 4.516465e+00
3.588589e+00, 6.438984e+00, 4.625389e+00, 4.515722e+00
3.598599e+00, 6.474956e+00, 4.622511e+00, 4.515009e+00
3.608609e+00, 6.511028e+00, 4.619681e+00, 4.514323e+00
3.618619e+00, 6.547200e+00, 4.616899e+00, 4.513665e+00
3.628629e+00, 6.583473e+00, 4.614165e+00, 4.513034e+00
3.638639e+00, 6.619846e+00, 4.611479e+00, 4.512428e+00
3.648649e+00, 6.656318e+00, 4.608840e+00, 4.511846e+00
3.658659e+00, 6.692892e+00, 4.606248e+00, 4.511289e+00
3.668669e+00, 6.729565e+00, 4.603703e+00, 4.510754e+00
3.678679e+00, 6.766338e+00, 4.601205e+00, 4.510242e+00
3.688689e+00, 6.803212e+00, 4.598752e+00, 4.509752e+00
3.698699e+00, 6.840186e+00, 4.596345e+00, 4.509282e+00
3.708709e+00, 6.877260e+00, 4.593983e+00, 4.508833e+00
3.718719e+00, 6.914434e+00, 4.591665e+00, 4.508403e+00
3.728729e+00, 6.951709e+00, 4.589392e+00, 4.507991e+00
3.738739e+00, 6.989084e+00, 4.587163e+00, 4.507597e+00
3.748749e+00, 7.026559e+00, 4.584978e+00, 4.507221e+00
3.758759e+00, 7.064134e+00, 4.582835e+00, 4.506862e+00
3.768769e+00, 7.101809e+00, 4.580736e+00, 4.506518e+00
3.778779e+00, 7.139585e+00, 4.578678e+00, 4.506190e+00
3.788789e+00, 7.177460e+00, 4.576662e+00, 4.505877e+00
3.798799e+00, 7.215436e+00, 4.574687e+00, 4.505578e+00
3.808809e+00, 7.253512e+00, 4.572752e+00, 4.505293e+00
3.818819e+00, 7.291689e+00, 4.570858e+00, 4.505021e+00
3.828829e+00, 7.329965e+00, 4.569003e+00, 4.504761e+00
3.838839e+00, 7.368342e+00, 4.567188e+00, 4.504514e+00
3.848849e+00, 7.406819e+00, 4.565411e+00, 4.504279e+00
3.858859e+00, 7.445396e+00, 4.563672e+00, 4.504054e+00
3.868869e+00, 7.484073e+00, 4.561971e+00, 4.503840e+00
3.878879e+00, 7.522851e+00, 4.560307e+00, 4.503637e+00
3.888889e+00, 7.561728e+00, 4.558679e+00, 4.503443e+00
3.898899e+00, 7.600706e+00, 4.557088e+00, 4.503259e+00
3.908909e+00, 7.639784e+00, 4.555531e+00, 4.503084e+00
3.918919e+00, 7.678963e+00, 4.554010e+00, 4.502917e+00
3.928929e+00, 7.718241e+00, 4.552523e+00, 4.502759e+00
3.938939e+00, 7.757620e+00, 4.551071e+00, 4.502608e+00
3.948949e+00, 7.797099e+00, 4.549651e+00, 4.502465e+00
3.958959e+00, 7.836678e+00, 4.548264e+00, 4.502329e+00
3.968969e+00, 7.876357e+00, 4.546910e+00, 4.502201e+00
3.978979e+00, 7.916137e+00, 4.545587e+00, 4.502078e+00
3.988989e+00, 7.956017e+00, 4.544296e+00, 4.501962e+00
3.998999e+00, 7.995996e+00, 4.543035e+00, 4.501852e+00
4.009009e+00, 8.036077e+00, 4.541804e+00, 4.501748e+00
4.019019e+00, 8.076257e+00, 4.540603e+00, 4.501649e+00
4.029029e+00, 8.116537e+00, 4.539431e+00, 4.501555e+00
4.039039e+00, 8.156918e+00, 4.538288e+00, 4.501466e+00
4.049049e+00, 8.197399e+00, 4.537172e+00, 4.501382e+00
4.059059e+00, 8.237980e+00, 4.536084e+00, 4.501302e+00
4.069069e+00, 8.278662e+00, 4.535024e+00, 4.501227e+00
4.079079e+00, 8.319443e+00, 4.533989e+00, 4.501155e+00
4.089089e+00, 8.360325e+00, 4.532981e+00, 4.501088e+00
4.099099e+00, 8.401307e+00, 4.531998e+00, 4.501024e+00
4.109109e+00, 8.442389e+00, 4.531041e+00, 4.500964e+00
4.119119e+00, 8.483571e+00, 4.530108e+00, 4.500906e+00
4.129129e+00, 8.524854e+00, 4.529198e+00, 4.500853e+00
4.139139e+00, 8.566236e+00, 4.528313e+00, 4.500802e+00
4.149149e+00, 8.607719e+00, 4.527450e+00, 4.500754e+00
4.159159e+00, 8.649302e+00, 4.526610e+00, 4.500708e+00
4.169169e+00, 8.690986e+00, 4.525793e+00, 4.500665e+00
4.179179e+00, 8.732769e+00, 4.524997e+00, 4.500625e+00
4.189189e+00, 8.774653e+00, 4.524222e+00, 4.500587e+00
4.199199e+00, 8.816637e+00, 4.523467e+00, 4.500551e+00
4.209209e+00, 8.858721e+00, 4.522734e+00, 4.500517e+00
4.219219e+00, 8.900905e+00, 4.522020e+00, 4.500485e+00
4.229229e+00, 8.943190e+00, 4.521325e+00, 4.500455e+00
4.239239e+00, 8.985575e+00, 4.520649e+00, 4.500426e+00
4.249249e+00, 9.028060e+00, 4.519992e+00, 4.500400e+00
4.259259e+00, 9.070645e+00, 4.519353e+00, 4.500375e+00
4.269269e+00, 9.113330e+00, 4.518732e+00, 4.500351e+00
4.279279e+00, 9.156116e+00, 4.518128e+00, 4.500329e+00
4.289289e+00, 9.199001e+00, 4.517541e+00, 4.500308e+00
4.299299e+00, 9.241987e+00, 4.516971e+00, 4.500288e+00
4.309309e+00, 9.285073e+00, 4.516417e+00, 4.500270e+00
4.319319e+00, 9.328260e+00, 4.515878e+00, 4.500252e+00
4.329329e+00, 9.371546e+00, 4.515355e+00, 4.500236e+00
4.339339e+00, 9.414933e+00, 4.514847e+00, 4.500220e+00
4.349349e+00, 9.458420e+00, 4.514353e+00, 4.500206e+00
4.359359e+00, 9.502007e+00, 4.513874e+00, 4.500192e+00
4.369369e+00, 9.545694e+00, 4.513409e+00, 4.500180e+00
4.379379e+00, 9.589482e+00, 4.512957e+00, 4.500168e+00
4.389389e+00, 9.633370e+00, 4.512518e+00, 4.500157e+00
4.399399e+00, 9.677358e+00, 4.512092e+00, 4.500146e+00
4.409409e+00, 9.721446e+00, 4.511679e+00, 4.500136e+00
4.419419e+00, 9.765634e+00, 4.511278e+00, 4.500127e+00
4.429429e+00, 9.809923e+00, 4.510889e+00, 4.500119e+00
4.439439e+00, 9.854311e+00, 4.510512e+00, 4.500110e+00
4.449449e+00, 9.898800e+00, 4.510145e+00, 4.500103e+00
4.459459e+00, 9.943389e+00, 4.509790e+00, 4.500096e+00
4.469469e+00, 9.988079e+00, 4.509446e+00, 4.500089e+00
4.479479e+00, 1.003287e+01, 4.509111e+00, 4.500083e+00
4.489489e+00, 1.007776e+01, 4.508787e+00, 4.500077e+00
4.499499e+00, 1.012275e+01, 4.508473e+00, 4.500072e+00
4.509510e+00, 1.016784e+01, 4.508169e+00, 4.500067e+00
4.519520e+00, 1.021303e+01, 4.507873e+00, 4.500062e+00
4.529530e+00, 1.025832e+01, 4.507587e+00, 4.500058e+00
4.539540e+00, 1.030371e+01, 4.507309e+00, 4.500053e+00
4.549550e+00, 1.034920e+01, 4.507040e+00, 4.500050e+00
4.559560e+00, 1.039479e+01, 4.506779e+00, 4.500046e+00
4.569570e+00, 1.044048e+01, 4.506526e+00, 4.500043e+00
4.579580e+00, 1.048627e+01, 4.506281e+00, 4.500039e+00
4.589590e+00, 1.053217e+01, 4.506043e+00, 4.500037e+00
4.599600e+00, 1.057816e+01, 4.505813e+00, 4.500034e+00
4.609610e+00, 1.062425e+01, 4.505590e+00, 4.500031e+00
4.619620e+00, 1.067044e+01, 4.505374e+00, 4.500029e+00
4.629630e+00, 1.071674e+01, 4.505164e+00, 4.500027e+00
4.639640e+00, 1.076313e+01, 4.504961e+00, 4.500025e+00
4.649650e+00, 1.080962e+01, 4.504764e+00, 4.500023e+00
4.659660e+00, 1.085621e+01, 4.504573e+00, 4.500021e+00
4.669670e+00, 1.090291e+01, 4.504388e+00, 4.500019e+00
4.679680e+00, 1.094970e+01, 4.504208e+00, 4.500018e+00
4.689690e+00, 1.099659e+01, 4.504034e+00, 4.500016e+00
4.699700e+00, 1.104359e+01, 4.503865e+00, 4.500015e+00
4.709710e+00, 1.109068e+01, 4.503701e+00, 4.500014e+00
4.719720e+00, 1.113788e+01, 4.503542e+00, 4.500013e+00
4.729730e+00, 1.118517e+01, 4.503388e+00, 4.500011e+00
4.739740e+00, 1.123257e+01, 4.503239e+00, 4.500010e+00
4.749750e+00, 1.128006e+01, 4.503093e+00, 4.500010e+00
4.759760e+00, 1.132766e+01, 4.502952e+00, 4.500009e+00
4.769770e+00, 1.137535e+01, 4.502815e+00, 4.500008e+00
4.779780e+00, 1.142315e+01, 4.502682e+00, 4.500007e+00
4.789790e+00, 1.147104e+01, 4.502553e+00, 4.500007e+00
4.799800e+00, 1.151904e+01, 4.502427e+00, 4.500006e+00
4.809810e+00, 1.156714e+01, 4.502304e+00, 4.500005e+00
4.819820e+00, 1.161533e+01, 4.502185e+00, 4.500005e+00
4.829830e+00, 1.166363e+01, 4.502069e+00, 4.500004e+00
4.839840e+00, 1.171202e+01, 4.501956e+00, 4.500004e+00
4.849850e+00, 1.176052e+01, 4.501846e+00, 4.500003e+00
4.859860e+00, 1.180912e+01, 4.501738e+00, 4.500003e+00
4.869870e+00, 1.185782e+01, 4.501633e+00, 4.500003e+00
4.879880e+00, 1.190661e+01, 4.501531e+00, 4.500002e+00
4.889890e+00, 1.195551e+01, 4.501430e+00, 4.500002e+00
4.899900e+00, 1.200451e+01, 4.501332e+00, 4.500002e+00
4.909910e+00, 1.205361e+01, 4.501236e+00, 4.500002e+00
4.919920e+00, 1.210281e+01, 4.501142e+00, 4.500001e+00
4.929930e+00, 1.215210e+01, 4.501049e+00, 4.500001e+00
4.939940e+00, 1.220150e+01, 4.500958e+00, 4.500001e+00
4.949950e+00, 1.225100e+01, 4.500868e+00, 4.500001e+00
4.959960e+00, 1.230060e+01, 4.500780e+00, 4.500001e+00
4.969970e+00, 1.235030e+01, 4.500693e+00, 4.500000e+00
4.979980e+00, 1.240010e+01, 4.500607e+00, 4.500000e+00
4.989990e+00, 1.245000e+01, 4.500523e+00, 4.500000e+00
5.000000e+00, 1.250000e+01, 4.500439e+00, 4.500000e+00
