# E = 5.5
# x, V(x), E + psi, E + |psi|^2
-5.000000e+00, 1.250000e+01, 5.505972e+00, 5.500036e+00
-4.989990e+00, 1.245000e+01, 5.506036e+00, 5.500036e+00
-4.979980e+00, 1.240010e+01, 5.506109e+00, 5.500037e+00
-4.969970e+00, 1.235030e+01, 5.506190e+00, 5.500038e+00
-4.959960e+00, 1.230060e+01, 5.506279e+00, 5.500039e+00
-4.949950e+00, 1.225100e+01, 5.506377e+00, 5.500041e+00
-4.939940e+00, 1.220150e+01, 5.506483e+00, 5.500042e+00
-4.929930e+00, 1.215210e+01, 5.506598e+00, 5.500044e+00
-4.919920e+00, 1.210281e+01, 5.506722e+00, 5.500045e+00
-4.909910e+00, 1.205361e+01, 5.506855e+00, 5.500047e+00
-4.899900e+00, 1.200451e+01, 5.506997e+00, 5.500049e+00
-4.889890e+00, 1.195551e+01, 5.507148e+00, 5.500051e+00
-4.879880e+00, 1.190661e+01, 5.507309e+00, 5.500053e+00
-4.869870e+00, 1.185782e+01, 5.507478e+00, 5.500056e+00
-4.859860e+00, 1.180912e+01, 5.507658e+00, 5.500059e+00
-4.849850e+00, 1.176052e+01, 5.507846e+00, 5.500062e+00
-4.839840e+00, 1.171202e+01, 5.508045e+00, 5.500065e+00
-4.829830e+00, 1.166363e+01, 5.508254e+00, 5.500068e+00
-4.819820e+00, 1.161533e+01, 5.508473e+00, 5.500072e+00
-4.809810e+00, 1.156714e+01, 5.508702e+00, 5.500076e+00
-4.799800e+00, 1.151904e+01, 5.508942e+00, 5.500080e+00
-4.789790e+00, 1.147104e+01, 5.509193e+00, 5.500085e+00
-4.779780e+00, 1.142315e+01, 5.509454e+00, 5.500089e+00
-4.769770e+00, 1.137535e+01, 5.509727e+00, 5.500095e+00
-4.759760e+00, 1.132766e+01, 5.510012e+00, 5.500100e+00
-4.749750e+00, 1.128006e+01, 5.510308e+00, 5.500106e+00
-4.739740e+00, 1.123257e+01, 5.510616e+00, 5.500113e+00
-4.729730e+00, 1.118517e+01, 5.510936e+00, 5.500120e+00
-4.719720e+00, 1.113788e+01, 5.511269e+00, 5.500127e+00
-4.709710e+00, 1.109068e+01, 5.511614e+00, 5.500135e+00
-4.699700e+00, 1.104359e+01, 5.511973e+00, 5.500143e+00
-4.689690e+00, 1.099659e+01, 5.512344e+00, 5.500152e+00
-4.679680e+00, 1.094970e+01, 5.512730e+00, 5.500162e+00
-4.669670e+00, 1.090291e+01, 5.513129e+00, 5.500172e+00
-4.659660e+00, 1.085621e+01, 5.513542e+00, 5.500183e+00
-4.649650e+00, 1.080962e+01, 5.513970e+00, 5.500195e+00
-4.639640e+00, 1.076313e+01, 5.514413e+00, 5.500208e+00
-4.629630e+00, 1.071674e+01, 5.514871e+00, 5.500221e+00
-4.619620e+00, 1.067044e+01, 5.515345e+00, 5.500235e+00
-4.609610e+00, 1.062425e+01, 5.515834e+00, 5.500251e+00
-4.599600e+00, 1.057816e+01, 5.516340e+00, 5.500267e+00
-4.589590e+00, 1.053217e+01, 5.516862e+00, 5.500284e+00
-4.579580e+00, 1.048627e+01, 5.517402e+00, 5.500303e+00
-4.569570e+00, 1.044048e+01, 5.517958e+00, 5.500323e+00
-4.559560e+00, 1.039479e+01, 5.518533e+00, 5.500343e+00
-4.549550e+00, 1.034920e+01, 5.519126e+00, 5.500366e+00
-4.539540e+00, 1.030371e+01, 5.519737e+00, 5.500390e+00
-4.529530e+00, 1.025832e+01, 5.520367e+00, 5.500415e+00
-4.519520e+00, 1.021303e+01, 5.521017e+00, 5.500442e+00
-4.509510e+00, 1.016784e+01, 5.521687e+00, 5.500470e+00
-4.499499e+00, 1.012275e+01, 5.522376e+00, 5.500501e+00
-4.489489e+00, 1.007776e+01, 5.523087e+00, 5.500533e+00
-4.479479e+00, 1.003287e+01, 5.523819e+00, 5.500567e+00
-4.469469e+00, 9.988079e+00, 5.524572e+00, 5.500604e+00
-4.459459e+00, 9.943389e+00, 5.525348e+00, 5.500643e+00
-4.449449e+00, 9.898800e+00, 5.526146e+00, 5.500684e+00
-4.439439e+00, 9.854311e+00, 5.526967e+00, 5.500727e+00
-4.429429e+00, 9.809923e+00, 5.527812e+00, 5.500773e+00
-4.419419e+00, 9.765634e+00, 5.528680e+00, 5.500823e+00
-4.409409e+00, 9.721446e+00, 5.529574e+00, 5.500875e+00
-4.399399e+00, 9.677358e+00, 5.530492e+00, 5.500930e+00
-4.389389e+00, 9.633370e+00, 5.531436e+00, 5.500988e+00
-4.379379e+00, 9.589482e+00, 5.532405e+00, 5.501050e+00
-4.369369e+00, 9.545694e+00, 5.533402e+00, 5.501116e+00
-4.359359e+00, 9.502007e+00, 5.534425e+00, 5.501185e+00
-4.349349e+00, 9.458420e+00, 5.535476e+00, 5.501259e+00
-4.339339e+00, 9.414933e+00, 5.536555e+00, 5.501336e+00
-4.329329e+00, 9.371546e+00, 5.537663e+00, 5.501419e+00
-4.319319e+00, 9.328260e+00, 5.538800e+00, 5.501505e+00
-4.309309e+00, 9.285073e+00, 5.539967e+00, 5.501597e+00
-4.299299e+00, 9.241987e+00, 5.541164e+00, 5.501695e+00
-4.289289e+00, 9.199001e+00, 5.542392e+00, 5.501797e+00
-4.279279e+00, 9.156116e+00, 5.543652e+00, 5.501905e+00
-4.269269e+00, 9.113330e+00, 5.544943e+00, 5.502020e+00
-4.259259e+00, 9.070645e+00, 5.546267e+00, 5.502141e+00
-4.249249e+00, 9.028060e+00, 5.547624e+00, 5.502268e+00
-4.239239e+00, 8.985575e+00, 5.549015e+00, 5.502402e+00
-4.229229e+00, 8.943190e+00, 5.550440e+00, 5.502544e+00
-4.219219e+00, 8.900905e+00, 5.551900e+00, 5.502694e+00
-4.209209e+00, 8.858721e+00, 5.553395e+00, 5.502851e+00
-4.199199e+00, 8.816637e+00, 5.554926e+00, 5.503017e+00
-4.189189e+00, 8.774653e+00, 5.556494e+00, 5.503192e+00
-4.179179e+00, 8.732769e+00, 5.558099e+00, 5.503375e+00
-4.169169e+00, 8.690986e+00, 5.559741e+00, 5.503569e+00
-4.159159e+00, 8.649302e+00, 5.561422e+00, 5.503773e+00
-4.149149e+00, 8.607719e+00, 5.563141e+00, 5.503987e+00
-4.139139e+00, 8.566236e+00, 5.564900e+00, 5.504212e+00
-4.129129e+00, 8.524854e+00, 5.566698e+00, 5.504449e+00
-4.119119e+00, 8.483571e+00, 5.568537e+00, 5.504697e+00
-4.109109e+00, 8.442389e+00, 5.570417e+00, 5.504959e+00
-4.099099e+00, 8.401307e+00, 5.572338e+00, 5.505233e+00
-4.089089e+00, 8.360325e+00, 5.574302e+00, 5.505521e+00
-4.079079e+00, 8.319443e+00, 5.576308e+00, 5.505823e+00
-4.069069e+00, 8.278662e+00, 5.578357e+00, 5.506140e+00
-4.059059e+00, 8.237980e+00, 5.580450e+00, 5.506472e+00
-4.049049e+00, 8.197399e+00, 5.582587e+00, 5.506821e+00
-4.039039e+00, 8.156918e+00, 5.584769e+00, 5.507186e+00
-4.029029e+00, 8.116537e+00, 5.586996e+00, 5.507568e+00
-4.019019e+00, 8.076257e+00, 5.589268e+00, 5.507969e+00
-4.009009e+00, 8.036077e+00, 5.591586e+00, 5.508388e+00
-3.998999e+00, 7.995996e+00, 5.593951e+00, 5.508827e+00
-3.988989e+00, 7.956017e+00, 5.596363e+00, 5.509286e+00
-3.978979e+00, 7.916137e+00, 5.598823e+00, 5.509766e+00
-3.968969e+00, 7.876357e+00, 5.601330e+00, 5.510268e+00
-3.958959e+00, 7.836678e+00, 5.603886e+00, 5.510792e+00
-3.948949e+00, 7.797099e+00, 5.606490e+00, 5.511340e+00
-3.938939e+00, 7.757620e+00, 5.609143e+00, 5.511912e+00
-3.928929e+00, 7.718241e+00, 5.611846e+00, 5.512509e+00
-3.918919e+00, 7.678963e+00, 5.614598e+00, 5.513133e+00
-3.908909e+00, 7.639784e+00, 5.617400e+00, 5.513783e+00
-3.898899e+00, 7.600706e+00, 5.620253e+00, 5.514461e+00
-3.888889e+00, 7.561728e+00, 5.623156e+00, 5.515167e+00
-3.878879e+00, 7.522851e+00, 5.626110e+00, 5.515904e+00
-3.868869e+00, 7.484073e+00, 5.629116e+00, 5.516671e+00
-3.858859e+00, 7.445396e+00, 5.632172e+00, 5.517470e+00
-3.848849e+00, 7.406819e+00, 5.635281e+00, 5.518301e+00
-3.838839e+00, 7.368342e+00, 5.638440e+00, 5.519166e+00
-3.828829e+00, 7.329965e+00, 5.641652e+00, 5.520065e+00
-3.818819e+00, 7.291689e+00, 5.644916e+00, 5.521001e+00
-3.808809e+00, 7.253512e+00, 5.648231e+00, 5.521973e+00
-3.798799e+00, 7.215436e+00, 5.651599e+00, 5.522982e+00
-3.788789e+00, 7.177460e+00, 5.655019e+00, 5.524031e+00
-3.778779e+00, 7.139585e+00, 5.658491e+00, 5.525119e+00
-3.768769e+00, 7.101809e+00, 5.662015e+00, 5.526249e+00
-3.758759e+00, 7.064134e+00, 5.665591e+00, 5.527420e+00
-3.748749e+00, 7.026559e+00, 5.669219e+00, 5.528635e+00
-3.738739e+00, 6.989084e+00, 5.672899e+00, 5.529894e+00
-3.728729e+00, 6.951709e+00, 5.676630e+00, 5.531198e+00
-3.718719e+00, 6.914434e+00, 5.680413e+00, 5.532549e+00
-3.708709e+00, 6.877260e+00, 5.684247e+00, 5.533947e+00
-3.698699e+00, 6.840186e+00, 5.688131e+00, 5.535393e+00
-3.688689e+00, 6.803212e+00, 5.692067e+00, 5.536890e+00
-3.678679e+00, 6.766338e+00, 5.696052e+00, 5.538436e+00
-3.668669e+00, 6.729565e+00, 5.700087e+00, 5.540035e+00
-3.658659e+00, 6.692892e+00, 5.704171e+00, 5.541686e+00
-3.648649e+00, 6.656318e+00, 5.708305e+00, 5.543391e+00
-3.638639e+00, 6.619846e+00, 5.712486e+00, 5.545150e+00
-3.628629e+00, 6.583473e+00, 5.716715e+00, 5.546966e+00
-3.618619e+00, 6.547200e+00, 5.720992e+00, 5.548837e+00
-3.608609e+00, 6.511028e+00, 5.725314e+00, 5.550766e+00
-3.598599e+00, 6.474956e+00, 5.729682e+00, 5.552754e+00
-3.588589e+00, 6.438984e+00, 5.734095e+00, 5.554801e+00
-3.578579e+00, 6.403112e+00, 5.738553e+00, 5.556907e+00
-3.568569e+00, 6.367341e+00, 5.743053e+00, 5.559075e+00
-3.558559e+00, 6.331670e+00, 5.747596e+00, 5.561304e+00
-3.548549e+00, 6.296098e+00, 5.752179e+00, 5.563594e+00
-3.538539e+00, 6.260627e+00, 5.756803e+00, 5.565948e+00
-3.528529e+00, 6.225257e+00, 5.761467e+00, 5.568365e+00
-3.518519e+00, 6.189986e+00, 5.766168e+00, 5.570845e+00
-3.508509e+00, 6.154816e+00, 5.770906e+00, 5.573390e+00
-3.498498e+00, 6.119746e+00, 5.775679e+00, 5.575999e+00
-3.488488e+00, 6.084776e+00, 5.780487e+00, 5.578673e+00
-3.478478e+00, 6.049906e+00, 5.785328e+00, 5.581412e+00
-3.468468e+00, 6.015137e+00, 5.790200e+00, 5.584216e+00
-3.458458e+00, 5.980467e+00, 5.795102e+00, 5.587085e+00
-3.448448e+00, 5.945898e+00, 5.800032e+00, 5.590019e+00
-3.438438e+00, 5.911429e+00, 5.804990e+00, 5.593019e+00
-3.428428e+00, 5.877061e+00, 5.809972e+00, 5.596083e+00
-3.418418e+00, 5.842792e+00, 5.814978e+00, 5.599211e+00
-3.408408e+00, 5.808624e+00, 5.820005e+00, 5.602403e+00
-3.398398e+00, 5.774556e+00, 5.825052e+00, 5.605659e+00
-3.388388e+00, 5.740588e+00, 5.830117e+00, 5.608978e+00
-3.378378e+00, 5.706720e+00, 5.835199e+00, 5.612358e+00
-3.368368e+00, 5.672953e+00, 5.840293e+00, 5.615800e+00
-3.358358e+00, 5.639285e+00, 5.845400e+00, 5.619301e+00
-3.348348e+00, 5.605718e+00, 5.850516e+00, 5.622862e+00
-3.338338e+00, 5.572251e+00, 5.855640e+00, 5.626480e+00
-3.328328e+00, 5.538885e+00, 5.860769e+00, 5.630154e+00
-3.318318e+00, 5.505618e+00, 5.865901e+00, 5.633883e+00
-3.308308e+00, 5.472452e+00, 5.871033e+00, 5.637665e+00
-3.298298e+00, 5.439386e+00, 5.876163e+00, 5.641498e+00
-3.288288e+00, 5.406420e+00, 5.881288e+00, 5.645381e+00
-3.278278e+00, 5.373554e+00, 5.886407e+00, 5.649310e+00
-3.268268e+00, 5.340789e+00, 5.891515e+00, 5.653284e+00
-3.258258e+00, 5.308123e+00, 5.896611e+00, 5.657300e+00
-3.248248e+00, 5.275558e+00, 5.901692e+00, 5.661356e+00
-3.238238e+00, 5.243093e+00, 5.906755e+00, 5.665449e+00
-3.228228e+00, 5.210729e+00, 5.911796e+00, 5.669576e+00
-3.218218e+00, 5.178464e+00, 5.916814e+00, 5.673734e+00
-3.208208e+00, 5.146300e+00, 5.921805e+00, 5.677920e+00
-3.198198e+00, 5.114236e+00, 5.926766e+00, 5.682130e+00
-3.188188e+00, 5.082272e+00, 5.931694e+00, 5.686360e+00
-3.178178e+00, 5.050408e+00, 5.936586e+00, 5.690608e+00
-3.168168e+00, 5.018645e+00, 5.941439e+00, 5.694868e+00
-3.158158e+00, 4.986981e+00, 5.946249e+00, 5.699138e+00
-3.148148e+00, 4.955418e+00, 5.951013e+00, 5.703413e+00
-3.138138e+00, 4.923955e+00, 5.955728e+00, 5.707688e+00
-3.128128e+00, 4.892593e+00, 5.960391e+00, 5.711959e+00
-3.118118e+00, 4.861330e+00, 5.964997e+00, 5.716222e+00
-3.108108e+00, 4.830168e+00, 5.969544e+00, 5.720471e+00
-3.098098e+00, 4.799106e+00, 5.974027e+00, 5.724702e+00
-3.088088e+00, 4.768144e+00, 5.978444e+00, 5.728909e+00
-3.078078e+00, 4.737282e+00, 5.982791e+00, 5.733088e+00
-3.068068e+00, 4.706521e+00, 5.987065e+00, 5.737232e+00
-3.058058e+00, 4.675860e+00, 5.991260e+00, 5.741337e+00
-3.048048e+00, 4.645298e+00, 5.995375e+00, 5.745396e+00
-3.038038e+00, 4.614838e+00, 5.999405e+00, 5.749405e+00
-3.028028e+00, 4.584477e+00, 6.003346e+00, 5.753357e+00
-3.018018e+00, 4.554216e+00, 6.007195e+00, 5.757246e+00
-3.008008e+00, 4.524056e+00, 6.010947e+00, 5.761067e+00
-2.997998e+00, 4.493996e+00, 6.014600e+00, 5.764813e+00
-2.987988e+00, 4.464036e+00, 6.018149e+00, 5.768478e+00
-2.977978e+00, 4.434176e+00, 6.021590e+00, 5.772056e+00
-2.967968e+00, 4.404417e+00, 6.024920e+00, 5.775541e+00
-2.957958e+00, 4.374758e+00, 6.028135e+00, 5.778927e+00
-2.947948e+00, 4.345199e+00, 6.031231e+00, 5.782206e+00
-2.937938e+00, 4.315740e+00, 6.034203e+00, 5.785373e+00
-2.927928e+00, 4.286381e+00, 6.037049e+00, 5.788422e+00
-2.917918e+00, 4.257122e+00, 6.039765e+00, 5.791346e+00
-2.907908e+00, 4.227964e+00, 6.042346e+00, 5.794139e+00
-2.897898e+00, 4.198906e+00, 6.044788e+00, 5.796794e+00
-2.887888e+00, 4.169948e+00, 6.047089e+00, 5.799306e+00
-2.877878e+00, 4.141091e+00, 6.049243e+00, 5.801668e+00
-2.867868e+00, 4.112333e+00, 6.051249e+00, 5.803875e+00
-2.857858e+00, 4.083676e+00, 6.053101e+00, 5.805920e+00
-2.847848e+00, 4.055119e+00, 6.054795e+00, 5.807798e+00
-2.837838e+00, 4.026662e+00, 6.056330e+00, 5.809503e+00
-2.827828e+00, 3.998305e+00, 6.057700e+00, 5.811029e+00
-2.817818e+00, 3.970049e+00, 6.058902e+00, 5.812371e+00
-2.807808e+00, 3.941892e+00, 6.059933e+00, 5.813525e+00
-2.797798e+00, 3.913836e+00, 6.060789e+00, 5.814484e+00
-2.787788e+00, 3.885880e+00, 6.061466e+00, 5.815245e+00
-2.777778e+00, 3.858025e+00, 6.061963e+00, 5.815802e+00
-2.767768e+00, 3.830269e+00, 6.062274e+00, 5.816152e+00
-2.757758e+00, 3.802614e+00, 6.062397e+00, 5.816290e+00
-2.747748e+00, 3.775059e+00, 6.062329e+00, 5.816214e+00
-2.737738e+00, 3.747604e+00, 6.062066e+00, 5.815918e+00
-2.727728e+00, 3.720249e+00, 6.061606e+00, 5.815401e+00
-2.717718e+00, 3.692995e+00, 6.060946e+00, 5.814660e+00
-2.707708e+00, 3.665841e+00, 6.060082e+00, 5.813692e+00
-2.697698e+00, 3.638786e+00, 6.059013e+00, 5.812496e+00
-2.687688e+00, 3.611833e+00, 6.057735e+00, 5.811069e+00
-2.677678e+00, 3.584979e+00, 6.056247e+00, 5.809410e+00
-2.667668e+00, 3.558225e+00, 6.054544e+00, 5.807519e+00
-2.657658e+00, 3.531572e+00, 6.052626e+00, 5.805396e+00
-2.647648e+00, 3.505019e+00, 6.050490e+00, 5.803040e+00
-2.637638e+00, 3.478566e+00, 6.048134e+00, 5.800451e+00
-2.627628e+00, 3.452213e+00, 6.045556e+00, 5.797631e+00
-2.617618e+00, 3.425961e+00, 6.042754e+00, 5.794582e+00
-2.607608e+00, 3.399809e+00, 6.039727e+00, 5.791305e+00
-2.597598e+00, 3.373757e+00, 6.036472e+00, 5.787802e+00
-2.587588e+00, 3.347805e+00, 6.032989e+00, 5.784077e+00
-2.577578e+00, 3.321953e+00, 6.029275e+00, 5.780132e+00
-2.567568e+00, 3.296202e+00, 6.025331e+00, 5.775973e+00
-2.557558e+00, 3.270550e+00, 6.021155e+00, 5.771603e+00
-2.547548e+00, 3.244999e+00, 6.016746e+00, 5.767026e+00
-2.537538e+00, 3.219548e+00, 6.012103e+00, 5.762250e+00
-2.527528e+00, 3.194198e+00, 6.007227e+00, 5.757279e+00
-2.517518e+00, 3.168947e+00, 6.002116e+00, 5.752121e+00
-2.507508e+00, 3.143797e+00, 5.996771e+00, 5.746781e+00
-2.497497e+00, 3.118747e+00, 5.991191e+00, 5.741268e+00
-2.487487e+00, 3.093797e+00, 5.985376e+00, 5.735590e+00
-2.477477e+00, 3.068947e+00, 5.979328e+00, 5.729755e+00
-2.467467e+00, 3.044198e+00, 5.973046e+00, 5.723772e+00
-2.457457e+00, 3.019549e+00, 5.966531e+00, 5.717651e+00
-2.447447e+00, 2.995000e+00, 5.959785e+00, 5.711402e+00
-2.437437e+00, 2.970551e+00, 5.952807e+00, 5.705034e+00
-2.427427e+00, 2.946202e+00, 5.945600e+00, 5.698560e+00
-2.417417e+00, 2.921953e+00, 5.938165e+00, 5.691989e+00
-2.407407e+00, 2.897805e+00, 5.930504e+00, 5.685334e+00
-2.397397e+00, 2.873757e+00, 5.922618e+00, 5.678606e+00
-2.387387e+00, 2.849809e+00, 5.914510e+00, 5.671819e+00
-2.377377e+00, 2.825962e+00, 5.906182e+00, 5.664984e+00
-2.367367e+00, 2.802214e+00, 5.897636e+00, 5.658114e+00
-2.357357e+00, 2.778567e+00, 5.888875e+00, 5.651224e+00
-2.347347e+00, 2.755020e+00, 5.879902e+00, 5.644325e+00
-2.337337e+00, 2.731573e+00, 5.870720e+00, 5.637433e+00
-2.327327e+00, 2.708226e+00, 5.861332e+00, 5.630561e+00
-2.317317e+00, 2.684980e+00, 5.851742e+00, 5.623723e+00
-2.307307e+00, 2.661834e+00, 5.841954e+00, 5.616933e+00
-2.297297e+00, 2.638787e+00, 5.831972e+00, 5.610205e+00
-2.287287e+00, 2.615842e+00, 5.821799e+00, 5.603554e+00
-2.277277e+00, 2.592996e+00, 5.811440e+00, 5.596995e+00
-2.267267e+00, 2.570250e+00, 5.800899e+00, 5.590540e+00
-2.257257e+00, 2.547605e+00, 5.790182e+00, 5.584206e+00
-2.247247e+00, 2.525060e+00, 5.779294e+00, 5.578005e+00
-2.237237e+00, 2.502615e+00, 5.768238e+00, 5.571952e+00
-2.227227e+00, 2.480271e+00, 5.757022e+00, 5.566060e+00
-2.217217e+00, 2.458026e+00, 5.745650e+00, 5.560344e+00
-2.207207e+00, 2.435882e+00, 5.734129e+00, 5.554816e+00
-2.197197e+00, 2.413838e+00, 5.722464e+00, 5.549490e+00
-2.187187e+00, 2.391894e+00, 5.710661e+00, 5.544378e+00
-2.177177e+00, 2.370050e+00, 5.698727e+00, 5.539492e+00
-2.167167e+00, 2.348307e+00, 5.686668e+00, 5.534845e+00
-2.157157e+00, 2.326664e+00, 5.674491e+00, 5.530447e+00
-2.147147e+00, 2.305120e+00, 5.662204e+00, 5.526310e+00
-2.137137e+00, 2.283678e+00, 5.649812e+00, 5.522444e+00
-2.127127e+00, 2.262335e+00, 5.637324e+00, 5.518858e+00
-2.117117e+00, 2.241092e+00, 5.624747e+00, 5.515562e+00
-2.107107e+00, 2.219950e+00, 5.612089e+00, 5.512564e+00
-2.097097e+00, 2.198908e+00, 5.599357e+00, 5.509872e+00
-2.087087e+00, 2.177966e+00, 5.586559e+00, 5.507492e+00
-2.077077e+00, 2.157125e+00, 5.573704e+00, 5.505432e+00
-2.067067e+00, 2.136383e+00, 5.560799e+00, 5.503696e+00
-2.057057e+00, 2.115742e+00, 5.547853e+00, 5.502290e+00
-2.047047e+00, 2.095201e+00, 5.534875e+00, 5.501216e+00
-2.037037e+00, 2.074760e+00, 5.521873e+00, 5.500478e+00
-2.027027e+00, 2.054419e+00, 5.508856e+00, 5.500078e+00
-2.017017e+00, 2.034179e+00, 5.495832e+00, 5.500017e+00
-2.007007e+00, 2.014039e+00, 5.482812e+00, 5.500295e+00
-1.996997e+00, 1.993999e+00, 5.469804e+00, 5.500912e+00
-1.986987e+00, 1.974059e+00, 5.456817e+00, 5.501865e+00
-1.976977e+00, 1.954219e+00, 5.443861e+00, 5.503152e+00
-1.966967e+00, 1.934480e+00, 5.430944e+00, 5.504769e+00
-1.956957e+00, 1.914840e+00, 5.418077e+00, 5.506711e+00
-1.946947e+00, 1.895301e+00, 5.405268e+00, 5.508974e+00
-1.936937e+00, 1.875862e+00, 5.392528e+00, 5.511550e+00
-1.926927e+00, 1.856524e+00, 5.379867e+00, 5.514432e+00
-1.916917e+00, 1.837285e+00, 5.367292e+00, 5.517611e+00
-1.906907e+00, 1.818147e+00, 5.354816e+00, 5.521078e+00
-1.896897e+00, 1.799109e+00, 5.342446e+00, 5.524823e+00
-1.886887e+00, 1.780171e+00, 5.330193e+00, 5.528834e+00
-1.876877e+00, 1.761333e+00, 5.318067e+00, 5.533100e+00
-1.866867e+00, 1.742596e+00, 5.306077e+00, 5.537606e+00
-1.856857e+00, 1.723959e+00, 5.294233e+00, 5.542340e+00
-1.846847e+00, 1.705422e+00, 5.282545e+00, 5.547287e+00
-1.836837e+00, 1.686985e+00, 5.271023e+00, 5.552431e+00
-1.826827e+00, 1.668648e+00, 5.259675e+00, 5.557756e+00
-1.816817e+00, 1.650412e+00, 5.248511e+00, 5.563247e+00
-1.806807e+00, 1.632275e+00, 5.237542e+00, 5.568884e+00
-1.796797e+00, 1.614239e+00, 5.226776e+00, 5.574651e+00
-1.786787e+00, 1.596304e+00, 5.216223e+00, 5.580529e+00
-1.776777e+00, 1.578468e+00, 5.205892e+00, 5.586500e+00
-1.766767e+00, 1.560732e+00, 5.195792e+00, 5.592543e+00
-1.756757e+00, 1.543097e+00, 5.185932e+00, 5.598639e+00
-1.746747e+00, 1.525562e+00, 5.176321e+00, 5.604768e+00
-1.736737e+00, 1.508127e+00, 5.166968e+00, 5.610910e+00
-1.726727e+00, 1.490793e+00, 5.157882e+00, 5.617045e+00
-1.716717e+00, 1.473558e+00, 5.149070e+00, 5.623152e+00
-1.706707e+00, 1.456424e+00, 5.140541e+00, 5.629211e+00
-1.696697e+00, 1.439390e+00, 5.132304e+00, 5.635201e+00
-1.686687e+00, 1.422456e+00, 5.124366e+00, 5.641101e+00
-1.676677e+00, 1.405622e+00, 5.116734e+00, 5.646893e+00
-1.666667e+00, 1.388889e+00, 5.109418e+00, 5.652555e+00
-1.656657e+00, 1.372256e+00, 5.102423e+00, 5.658068e+00
-1.646647e+00, 1.355723e+00, 5.095756e+00, 5.663413e+00
-1.636637e+00, 1.339290e+00, 5.089426e+00, 5.668571e+00
-1.626627e+00, 1.322957e+00, 5.083438e+00, 5.673524e+00
-1.616617e+00, 1.306725e+00, 5.077798e+00, 5.678254e+00
-1.606607e+00, 1.290592e+00, 5.072514e+00, 5.682744e+00
-1.596597e+00, 1.274560e+00, 5.067590e+00, 5.686979e+00
-1.586587e+00, 1.258628e+00, 5.063032e+00, 5.690941e+00
-1.576577e+00, 1.242797e+00, 5.058845e+00, 5.694618e+00
-1.566567e+00, 1.227065e+00, 5.055035e+00, 5.697994e+00
-1.556557e+00, 1.211434e+00, 5.051606e+00, 5.701057e+00
-1.546547e+00, 1.195903e+00, 5.048562e+00, 5.703796e+00
-1.536537e+00, 1.180472e+00, 5.045907e+00, 5.706200e+00
-1.526527e+00, 1.165142e+00, 5.043646e+00, 5.708259e+00
-1.516517e+00, 1.149911e+00, 5.041781e+00, 5.709965e+00
-1.506507e+00, 1.134781e+00, 5.040315e+00, 5.711310e+00
-1.496496e+00, 1.119751e+00, 5.039252e+00, 5.712289e+00
-1.486486e+00, 1.104821e+00, 5.038592e+00, 5.712897e+00
-1.476476e+00, 1.089991e+00, 5.038340e+00, 5.713130e+00
-1.466466e+00, 1.075262e+00, 5.038495e+00, 5.712987e+00
-1.456456e+00, 1.060633e+00, 5.039059e+00, 5.712466e+00
-1.446446e+00, 1.046104e+00, 5.040034e+00, 5.711569e+00
-1.436436e+00, 1.031675e+00, 5.041419e+00, 5.710297e+00
-1.426426e+00, 1.017346e+00, 5.043214e+00, 5.708653e+00
-1.416416e+00, 1.003118e+00, 5.045420e+00, 5.706643e+00
-1.406406e+00, 9.889895e-01, 5.048036e+00, 5.704272e+00
-1.396396e+00, 9.749614e-01, 5.051060e+00, 5.701547e+00
-1.386386e+00, 9.610336e-01, 5.054491e+00, 5.698478e+00
-1.376376e+00, 9.472060e-01, 5.058327e+00, 5.695075e+00
-1.366366e+00, 9.334785e-01, 5.062567e+00, 5.691348e+00
-1.356356e+00, 9.198513e-01, 5.067206e+00, 5.687311e+00
-1.346346e+00, 9.063242e-01, 5.072243e+00, 5.682976e+00
-1.336336e+00, 8.928974e-01, 5.077673e+00, 5.678360e+00
-1.326326e+00, 8.795708e-01, 5.083494e+00, 5.673477e+00
-1.316316e+00, 8.663443e-01, 5.089700e+00, 5.668346e+00
-1.306306e+00, 8.532181e-01, 5.096287e+00, 5.662984e+00
-1.296296e+00, 8.401920e-01, 5.103250e+00, 5.657411e+00
-1.286286e+00, 8.272662e-01, 5.110583e+00, 5.651645e+00
-1.276276e+00, 8.144406e-01, 5.118281e+00, 5.645709e+00
-1.266266e+00, 8.017151e-01, 5.126338e+00, 5.639624e+00
-1.256256e+00, 7.890899e-01, 5.134746e+00, 5.633411e+00
-1.246246e+00, 7.765649e-01, 5.143499e+00, 5.627093e+00
-1.236236e+00, 7.641400e-01, 5.152589e+00, 5.620694e+00
-1.226226e+00, 7.518154e-01, 5.162009e+00, 5.614238e+00
-1.216216e+00, 7.395909e-01, 5.171751e+00, 5.607747e+00
-1.206206e+00, 7.274667e-01, 5.181806e+00, 5.601248e+00
-1.196196e+00, 7.154427e-01, 5.192165e+00, 5.594762e+00
-1.186186e+00, 7.035188e-01, 5.202819e+00, 5.588317e+00
-1.176176e+00, 6.916952e-01, 5.213759e+00, 5.581934e+00
-1.166166e+00, 6.799718e-01, 5.224975e+00, 5.575639e+00
-1.156156e+00, 6.683485e-01, 5.236456e+00, 5.569456e+00
-1.146146e+00, 6.568255e-01, 5.248192e+00, 5.563407e+00
-1.136136e+00, 6.454027e-01, 5.260173e+00, 5.557517e+00
-1.126126e+00, 6.340800e-01, 5.272387e+00, 5.551808e+00
-1.116116e+00, 6.228576e-01, 5.284823e+00, 5.546301e+00
-1.106106e+00, 6.117354e-01, 5.297470e+00, 5.541019e+00
-1.096096e+00, 6.007133e-01, 5.310314e+00, 5.535981e+00
-1.086086e+00, 5.897915e-01, 5.323345e+00, 5.531207e+00
-1.076076e+00, 5.789699e-01, 5.336550e+00, 5.526716e+00
-1.066066e+00, 5.682484e-01, 5.349916e+00, 5.522525e+00
-1.056056e+00, 5.576272e-01, 5.363430e+00, 5.518651e+00
-1.046046e+00, 5.471062e-01, 5.377079e+00, 5.515109e+00
-1.036036e+00, 5.366853e-01, 5.390851e+00, 5.511914e+00
-1.026026e+00, 5.263647e-01, 5.404731e+00, 5.509076e+00
-1.016016e+00, 5.161443e-01, 5.418706e+00, 5.506609e+00
-1.006006e+00, 5.060240e-01, 5.432762e+00, 5.504521e+00
-9.959960e-01, 4.960040e-01, 5.446885e+00, 5.502821e+00
-9.859860e-01, 4.860842e-01, 5.461062e+00, 5.501516e+00
-9.759760e-01, 4.762646e-01, 5.475278e+00, 5.500611e+00
-9.659660e-01, 4.665451e-01, 5.489518e+00, 5.500110e+00
-9.559560e-01, 4.569259e-01, 5.503770e+00, 5.500014e+00
-9.459459e-01, 4.474069e-01, 5.518017e+00, 5.500325e+00
-9.359359e-01, 4.379880e-01, 5.532246e+00, 5.501040e+00
-9.259259e-01, 4.286694e-01, 5.546443e+00, 5.502157e+00
-9.159159e-01, 4.194510e-01, 5.560592e+00, 5.503671e+00
-9.059059e-01, 4.103328e-01, 5.574680e+00, 5.505577e+00
-8.958959e-01, 4.013147e-01, 5.588691e+00, 5.507866e+00
-8.858859e-01, 3.923969e-01, 5.602612e+00, 5.510529e+00
-8.758759e-01, 3.835793e-01, 5.616428e+00, 5.513555e+00
-8.658659e-01, 3.748618e-01, 5.630124e+00, 5.516932e+00
-8.558559e-01, 3.662446e-01, 5.643687e+00, 5.520646e+00
-8.458458e-01, 3.577276e-01, 5.657102e+00, 5.524681e+00
-8.358358e-01, 3.493108e-01, 5.670355e+00, 5.529021e+00
-8.258258e-01, 3.409941e-01, 5.683432e+00, 5.533647e+00
-8.158158e-01, 3.327777e-01, 5.696319e+00, 5.538541e+00
-8.058058e-01, 3.246615e-01, 5.709004e+00, 5.543683e+00
-7.957958e-01, 3.166455e-01, 5.721471e+00, 5.549050e+00
-7.857858e-01, 3.087297e-01, 5.733709e+00, 5.554620e+00
-7.757758e-01, 3.009140e-01, 5.745703e+00, 5.560370e+00
-7.657658e-01, 2.931986e-01, 5.757442e+00, 5.566276e+00
-7.557558e-01, 2.855834e-01, 5.768911e+00, 5.572313e+00
-7.457457e-01, 2.780684e-01, 5.780100e+00, 5.578456e+00
-7.357357e-01, 2.706535e-01, 5.790996e+00, 5.584679e+00
-7.257257e-01, 2.633389e-01, 5.801587e+00, 5.590955e+00
-7.157157e-01, 2.561245e-01, 5.811861e+00, 5.597257e+00
-7.057057e-01, 2.490103e-01, 5.821808e+00, 5.603560e+00
-6.956957e-01, 2.419963e-01, 5.831416e+00, 5.609836e+00
-6.856857e-01, 2.350824e-01, 5.840675e+00, 5.616059e+00
-6.756757e-01, 2.282688e-01, 5.849574e+00, 5.622202e+00
-6.656657e-01, 2.215554e-01, 5.858104e+00, 5.628239e+00
-6.556557e-01, 2.149422e-01, 5.866256e+00, 5.634143e+00
-6.456456e-01, 2.084291e-01, 5.874019e+00, 5.639890e+00
-6.356356e-01, 2.020163e-01, 5.881386e+00, 5.645455e+00
-6.256256e-01, 1.957037e-01, 5.888348e+00, 5.650814e+00
-6.156156e-01, 1.894913e-01, 5.894897e+00, 5.655944e+00
-6.056056e-01, 1.833791e-01, 5.901026e+00, 5.660822e+00
-5.955956e-01, 1.773671e-01, 5.906728e+00, 5.665428e+00
-5.855856e-01, 1.714552e-01, 5.911996e+00, 5.669741e+00
-5.755756e-01, 1.656436e-01, 5.916824e+00, 5.673742e+00
-5.655656e-01, 1.599322e-01, 5.921207e+00, 5.677415e+00
-5.555556e-01, 1.543210e-01, 5.925139e+00, 5.680743e+00
-5.455455e-01, 1.488100e-01, 5.928615e+00, 5.683711e+00
-5.355355e-01, 1.433992e-01, 5.931632e+00, 5.686306e+00
-5.255255e-01, 1.380885e-01, 5.934185e+00, 5.688517e+00
-5.155155e-01, 1.328781e-01, 5.936272e+00, 5.690334e+00
-5.055055e-01, 1.277679e-01, 5.937890e+00, 5.691748e+00
-4.954955e-01, 1.227579e-01, 5.939037e+00, 5.692753e+00
-4.854855e-01, 1.178481e-01, 5.939710e+00, 5.693345e+00
-4.754755e-01, 1.130385e-01, 5.939909e+00, 5.693520e+00
-4.654655e-01, 1.083290e-01, 5.939633e+00, 5.693277e+00
-4.554555e-01, 1.037198e-01, 5.938883e+00, 5.692618e+00
-4.454454e-01, 9.921082e-02, 5.937657e+00, 5.691544e+00
-4.354354e-01, 9.480201e-02, 5.935958e+00, 5.690060e+00
-4.254254e-01, 9.049340e-02, 5.933787e+00, 5.688171e+00
-4.154154e-01, 8.628498e-02, 5.931146e+00, 5.685887e+00
-4.054054e-01, 8.217677e-02, 5.928037e+00, 5.683216e+00
-3.953954e-01, 7.816876e-02, 5.924463e+00, 5.680169e+00
-3.853854e-01, 7.426095e-02, 5.920428e+00, 5.676760e+00
-3.753754e-01, 7.045334e-02, 5.915936e+00, 5.673003e+00
-3.653654e-01, 6.674593e-02, 5.910992e+00, 5.668914e+00
-3.553554e-01, 6.313871e-02, 5.905600e+00, 5.664511e+00
-3.453453e-01, 5.963170e-02, 5.899766e+00, 5.659813e+00
-3.353353e-01, 5.622489e-02, 5.893496e+00, 5.654839e+00
-3.253253e-01, 5.291828e-02, 5.886798e+00, 5.649612e+00
-3.153153e-01, 4.971187e-02, 5.879677e+00, 5.644154e+00
-3.053053e-01, 4.660566e-02, 5.872141e+00, 5.638489e+00
-2.952953e-01, 4.359966e-02, 5.864198e+00, 5.632640e+00
-2.852853e-01, 4.069385e-02, 5.855858e+00, 5.626635e+00
-2.752753e-01, 3.788824e-02, 5.847128e+00, 5.620498e+00
-2.652653e-01, 3.518283e-02, 5.838018e+00, 5.614256e+00
-2.552553e-01, 3.257762e-02, 5.828538e+00, 5.607937e+00
-2.452452e-01, 3.007262e-02, 5.818698e+00, 5.601569e+00
-2.352352e-01, 2.766781e-02, 5.808509e+00, 5.595178e+00
-2.252252e-01, 2.536320e-02, 5.797982e+00, 5.588793e+00
-2.152152e-01, 2.315879e-02, 5.787127e+00, 5.582442e+00
-2.052052e-01, 2.105459e-02, 5.775958e+00, 5.576153e+00
-1.951952e-01, 1.905058e-02, 5.764485e+00, 5.569952e+00
-1.851852e-01, 1.714678e-02, 5.752722e+00, 5.563868e+00
-1.751752e-01, 1.534317e-02, 5.740682e+00, 5.557928e+00
-1.651652e-01, 1.363977e-02, 5.728376e+00, 5.552156e+00
-1.551552e-01, 1.203656e-02, 5.715820e+00, 5.546578e+00
-1.451451e-01, 1.053356e-02, 5.703027e+00, 5.541220e+00
-1.351351e-01, 9.130752e-03, 5.690010e+00, 5.536104e+00
-1.251251e-01, 7.828148e-03, 5.676784e+00, 5.531253e+00
-1.151151e-01, 6.625745e-03, 5.663363e+00, 5.526688e+00
-1.051051e-01, 5.523542e-03, 5.649763e+00, 5.522429e+00
-9.509510e-02, 4.521539e-03, 5.635998e+00, 5.518495e+00
-8.508509e-02, 3.619736e-03, 5.622083e+00, 5.514904e+00
-7.507508e-02, 2.818133e-03, 5.608034e+00, 5.511671e+00
-6.506507e-02, 2.116731e-03, 5.593865e+00, 5.508811e+00
-5.505506e-02, 1.515530e-03, 5.579593e+00, 5.506335e+00
-4.504505e-02, 1.014528e-03, 5.565234e+00, 5.504255e+00
-3.503504e-02, 6.137268e-04, 5.550802e+00, 5.502581e+00
-2.502503e-02, 3.131259e-04, 5.536315e+00, 5.501319e+00
-1.501502e-02, 1.127253e-04, 5.521788e+00, 5.500475e+00
-5.005005e-03, 1.252504e-05, 5.507236e+00, 5.500052e+00
5.005005e-03, 1.252504e-05, 5.492677e+00, 5.500054e+00
1.501502e-02, 1.127253e-04, 5.478126e+00, 5.500478e+00
2.502503e-02, 3.131259e-04, 5.463598e+00, 5.501325e+00
3.503504e-02, 6.137268e-04, 5.449111e+00, 5.502590e+00
4.504505e-02, 1.014528e-03, 5.434680e+00, 5.504267e+00
5.505506e-02, 1.515530e-03, 5.420321e+00, 5.506349e+00
6.506507e-02, 2.116731e-03, 5.406050e+00, 5.508827e+00
7.507508e-02, 2.818133e-03, 5.391882e+00, 5.511689e+00
8.508509e-02, 3.619736e-03, 5.377834e+00, 5.514925e+00
9.509510e-02, 4.521539e-03, 5.363919e+00, 5.518518e+00
1.051051e-01, 5.523542e-03, 5.350155e+00, 5.522453e+00
1.151151e-01, 6.625745e-03, 5.336556e+00, 5.526714e+00
1.251251e-01, 7.828148e-03, 5.323137e+00, 5.531281e+00
1.351351e-01, 9.130752e-03, 5.309912e+00, 5.536134e+00
1.451451e-01, 1.053356e-02, 5.296896e+00, 5.541251e+00
1.551552e-01, 1.203656e-02, 5.284104e+00, 5.546611e+00
1.651652e-01, 1.363977e-02, 5.271549e+00, 5.552190e+00
1.751752e-01, 1.534317e-02, 5.259246e+00, 5.557963e+00
1.851852e-01, 1.714678e-02, 5.247207e+00, 5.563904e+00
1.951952e-01, 1.905058e-02, 5.235446e+00, 5.569989e+00
2.052052e-01, 2.105459e-02, 5.223975e+00, 5.576190e+00
2.152152e-01, 2.315879e-02, 5.212807e+00, 5.582480e+00
2.252252e-01, 2.536320e-02, 5.201955e+00, 5.588831e+00
2.352352e-01, 2.766781e-02, 5.191429e+00, 5.595216e+00
2.452452e-01, 3.007262e-02, 5.181242e+00, 5.601607e+00
2.552553e-01, 3.257762e-02, 5.171404e+00, 5.607975e+00
2.652653e-01, 3.518283e-02, 5.161926e+00, 5.614294e+00
2.752753e-01, 3.788824e-02, 5.152819e+00, 5.620535e+00
2.852853e-01, 4.069385e-02, 5.144091e+00, 5.626671e+00
2.952953e-01, 4.359966e-02, 5.135753e+00, 5.632676e+00
3.053053e-01, 4.660566e-02, 5.127813e+00, 5.638523e+00
3.153153e-01, 4.971187e-02, 5.120280e+00, 5.644187e+00
3.253253e-01, 5.291828e-02, 5.113161e+00, 5.649644e+00
3.353353e-01, 5.622489e-02, 5.106465e+00, 5.654870e+00
3.453453e-01, 5.963170e-02, 5.100198e+00, 5.659842e+00
3.553554e-01, 6.313871e-02, 5.094367e+00, 5.664538e+00
3.653654e-01, 6.674593e-02, 5.088977e+00, 5.668940e+00
3.753754e-01, 7.045334e-02, 5.084036e+00, 5.673026e+00
3.853854e-01, 7.426095e-02, 5.079546e+00, 5.676781e+00
3.953954e-01, 7.816876e-02, 5.075514e+00, 5.680188e+00
4.054054e-01, 8.217677e-02, 5.071943e+00, 5.683232e+00
4.154154e-01, 8.628498e-02, 5.068837e+00, 5.685901e+00
4.254254e-01, 9.049340e-02, 5.066199e+00, 5.688184e+00
4.354354e-01, 9.480201e-02, 5.064030e+00, 5.690069e+00
4.454454e-01, 9.921082e-02, 5.062334e+00, 5.691551e+00
4.554555e-01, 1.037198e-01, 5.061112e+00, 5.692623e+00
4.654655e-01, 1.083290e-01, 5.060364e+00, 5.693280e+00
4.754755e-01, 1.130385e-01, 5.060091e+00, 5.693520e+00
4.854855e-01, 1.178481e-01, 5.060293e+00, 5.693342e+00
4.954955e-01, 1.227579e-01, 5.060970e+00, 5.692748e+00
5.055055e-01, 1.277679e-01, 5.062119e+00, 5.691740e+00
5.155155e-01, 1.328781e-01, 5.063739e+00, 5.690323e+00
5.255255e-01, 1.380885e-01, 5.065829e+00, 5.688504e+00
5.355355e-01, 1.433992e-01, 5.068386e+00, 5.686291e+00
5.455455e-01, 1.488100e-01, 5.071405e+00, 5.683693e+00
5.555556e-01, 1.543210e-01, 5.074884e+00, 5.680723e+00
5.655656e-01, 1.599322e-01, 5.078819e+00, 5.677393e+00
5.755756e-01, 1.656436e-01, 5.083204e+00, 5.673719e+00
5.855856e-01, 1.714552e-01, 5.088035e+00, 5.669715e+00
5.955956e-01, 1.773671e-01, 5.093306e+00, 5.665400e+00
6.056056e-01, 1.833791e-01, 5.099010e+00, 5.660793e+00
6.156156e-01, 1.894913e-01, 5.105142e+00, 5.655913e+00
6.256256e-01, 1.957037e-01, 5.111694e+00, 5.650782e+00
6.356356e-01, 2.020163e-01, 5.118658e+00, 5.645422e+00
6.456456e-01, 2.084291e-01, 5.126028e+00, 5.639855e+00
6.556557e-01, 2.149422e-01, 5.133793e+00, 5.634107e+00
6.656657e-01, 2.215554e-01, 5.141947e+00, 5.628202e+00
6.756757e-01, 2.282688e-01, 5.150480e+00, 5.622164e+00
6.856857e-01, 2.350824e-01, 5.159381e+00, 5.616021e+00
6.956957e-01, 2.419963e-01, 5.168642e+00, 5.609798e+00
7.057057e-01, 2.490103e-01, 5.178253e+00, 5.603521e+00
7.157157e-01, 2.561245e-01, 5.188201e+00, 5.597218e+00
7.257257e-01, 2.633389e-01, 5.198478e+00, 5.590916e+00
7.357357e-01, 2.706535e-01, 5.209070e+00, 5.584640e+00
7.457457e-01, 2.780684e-01, 5.219968e+00, 5.578418e+00
7.557558e-01, 2.855834e-01, 5.231159e+00, 5.572276e+00
7.657658e-01, 2.931986e-01, 5.242630e+00, 5.566239e+00
7.757758e-01, 3.009140e-01, 5.254370e+00, 5.560334e+00
7.857858e-01, 3.087297e-01, 5.266366e+00, 5.554585e+00
7.957958e-01, 3.166455e-01, 5.278605e+00, 5.549016e+00
8.058058e-01, 3.246615e-01, 5.291074e+00, 5.543650e+00
8.158158e-01, 3.327777e-01, 5.303760e+00, 5.538510e+00
8.258258e-01, 3.409941e-01, 5.316649e+00, 5.533618e+00
8.358358e-01, 3.493108e-01, 5.329727e+00, 5.528993e+00
8.458458e-01, 3.577276e-01, 5.342981e+00, 5.524655e+00
8.558559e-01, 3.662446e-01, 5.356397e+00, 5.520622e+00
8.658659e-01, 3.748618e-01, 5.369961e+00, 5.516910e+00
8.758759e-01, 3.835793e-01, 5.383658e+00, 5.513535e+00
8.858859e-01, 3.923969e-01, 5.397474e+00, 5.510512e+00
8.958959e-01, 4.013147e-01, 5.411396e+00, 5.507851e+00
9.059059e-01, 4.103328e-01, 5.425408e+00, 5.505564e+00
9.159159e-01, 4.194510e-01, 5.439496e+00, 5.503661e+00
9.259259e-01, 4.286694e-01, 5.453645e+00, 5.502149e+00
9.359359e-01, 4.379880e-01, 5.467842e+00, 5.501034e+00
9.459459e-01, 4.474069e-01, 5.482072e+00, 5.500321e+00
9.559560e-01, 4.569259e-01, 5.496319e+00, 5.500014e+00
9.659660e-01, 4.665451e-01, 5.510570e+00, 5.500112e+00
9.759760e-01, 4.762646e-01, 5.524811e+00, 5.500616e+00
9.859860e-01, 4.860842e-01, 5.539027e+00, 5.501523e+00
9.959960e-01, 4.960040e-01, 5.553203e+00, 5.502831e+00
1.006006e+00, 5.060240e-01, 5.567326e+00, 5.504533e+00
1.016016e+00, 5.161443e-01, 5.581382e+00, 5.506623e+00
1.026026e+00, 5.263647e-01, 5.595356e+00, 5.509093e+00
1.036036e+00, 5.366853e-01, 5.609236e+00, 5.511932e+00
1.046046e+00, 5.471062e-01, 5.623006e+00, 5.515131e+00
1.056056e+00, 5.576272e-01, 5.636655e+00, 5.518675e+00
1.066066e+00, 5.682484e-01, 5.650168e+00, 5.522551e+00
1.076076e+00, 5.789699e-01, 5.663533e+00, 5.526743e+00
1.086086e+00, 5.897915e-01, 5.676737e+00, 5.531236e+00
1.096096e+00, 6.007133e-01, 5.689767e+00, 5.536011e+00
1.106106e+00, 6.117354e-01, 5.702610e+00, 5.541051e+00
1.116116e+00, 6.228576e-01, 5.715255e+00, 5.546335e+00
1.126126e+00, 6.340800e-01, 5.727690e+00, 5.551843e+00
1.136136e+00, 6.454027e-01, 5.739903e+00, 5.557553e+00
1.146146e+00, 6.568255e-01, 5.751882e+00, 5.563445e+00
1.156156e+00, 6.683485e-01, 5.763617e+00, 5.569494e+00
1.166166e+00, 6.799718e-01, 5.775097e+00, 5.575678e+00
1.176176e+00, 6.916952e-01, 5.786311e+00, 5.581974e+00
1.186186e+00, 7.035188e-01, 5.797249e+00, 5.588357e+00
1.196196e+00, 7.154427e-01, 5.807901e+00, 5.594803e+00
1.206206e+00, 7.274667e-01, 5.818258e+00, 5.601288e+00
1.216216e+00, 7.395909e-01, 5.828311e+00, 5.607788e+00
1.226226e+00, 7.518154e-01, 5.838051e+00, 5.614278e+00
1.236236e+00, 7.641400e-01, 5.847469e+00, 5.620735e+00
1.246246e+00, 7.765649e-01, 5.856557e+00, 5.627133e+00
1.256256e+00, 7.890899e-01, 5.865308e+00, 5.633450e+00
1.266266e+00, 8.017151e-01, 5.873714e+00, 5.639662e+00
1.276276e+00, 8.144406e-01, 5.881768e+00, 5.645747e+00
1.286286e+00, 8.272662e-01, 5.889464e+00, 5.651682e+00
1.296296e+00, 8.401920e-01, 5.896795e+00, 5.657446e+00
1.306306e+00, 8.532181e-01, 5.903755e+00, 5.663018e+00
1.316316e+00, 8.663443e-01, 5.910340e+00, 5.668379e+00
1.326326e+00, 8.795708e-01, 5.916543e+00, 5.673508e+00
1.336336e+00, 8.928974e-01, 5.922361e+00, 5.678389e+00
1.346346e+00, 9.063242e-01, 5.927789e+00, 5.683004e+00
1.356356e+00, 9.198513e-01, 5.932823e+00, 5.687336e+00
1.366366e+00, 9.334785e-01, 5.937460e+00, 5.691372e+00
1.376376e+00, 9.472060e-01, 5.941697e+00, 5.695096e+00
1.386386e+00, 9.610336e-01, 5.945531e+00, 5.698498e+00
1.396396e+00, 9.749614e-01, 5.948959e+00, 5.701564e+00
1.406406e+00, 9.889895e-01, 5.951981e+00, 5.704286e+00
1.416416e+00, 1.003118e+00, 5.954593e+00, 5.706655e+00
1.426426e+00, 1.017346e+00, 5.956797e+00, 5.708663e+00
1.436436e+00, 1.031675e+00, 5.958589e+00, 5.710304e+00
1.446446e+00, 1.046104e+00, 5.959972e+00, 5.711574e+00
1.456456e+00, 1.060633e+00, 5.960943e+00, 5.712469e+00
1.466466e+00, 1.075262e+00, 5.961505e+00, 5.712987e+00
1.476476e+00, 1.089991e+00, 5.961658e+00, 5.713128e+00
1.486486e+00, 1.104821e+00, 5.961402e+00, 5.712892e+00
1.496496e+00, 1.119751e+00, 5.960740e+00, 5.712282e+00
1.506507e+00, 1.134781e+00, 5.959674e+00, 5.711300e+00
1.516517e+00, 1.149911e+00, 5.958206e+00, 5.709952e+00
1.526527e+00, 1.165142e+00, 5.956338e+00, 5.708244e+00
1.536537e+00, 1.180472e+00, 5.954074e+00, 5.706183e+00
1.546547e+00, 1.195903e+00, 5.951416e+00, 5.703777e+00
1.556557e+00, 1.211434e+00, 5.948370e+00, 5.701036e+00
1.566567e+00, 1.227065e+00, 5.944938e+00, 5.697970e+00
1.576577e+00, 1.242797e+00, 5.941125e+00, 5.694591e+00
1.586587e+00, 1.258628e+00, 5.936936e+00, 5.690913e+00
1.596597e+00, 1.274560e+00, 5.932375e+00, 5.686949e+00
1.606607e+00, 1.290592e+00, 5.927449e+00, 5.682713e+00
1.616617e+00, 1.306725e+00, 5.922162e+00, 5.678220e+00
1.626627e+00, 1.322957e+00, 5.916520e+00, 5.673489e+00
1.636637e+00, 1.339290e+00, 5.910529e+00, 5.668534e+00
1.646647e+00, 1.355723e+00, 5.904196e+00, 5.663375e+00
1.656657e+00, 1.372256e+00, 5.897528e+00, 5.658028e+00
1.666667e+00, 1.388889e+00, 5.890531e+00, 5.652514e+00
1.676677e+00, 1.405622e+00, 5.883212e+00, 5.646851e+00
1.686687e+00, 1.422456e+00, 5.875578e+00, 5.641059e+00
1.696697e+00, 1.439390e+00, 5.867638e+00, 5.635157e+00
1.706707e+00, 1.456424e+00, 5.859398e+00, 5.629167e+00
1.716717e+00, 1.473558e+00, 5.850868e+00, 5.623108e+00
1.726727e+00, 1.490793e+00, 5.842054e+00, 5.617001e+00
1.736737e+00, 1.508127e+00, 5.832965e+00, 5.610866e+00
1.746747e+00, 1.525562e+00, 5.823610e+00, 5.604724e+00
1.756757e+00, 1.543097e+00, 5.813997e+00, 5.598594e+00
1.766767e+00, 1.560732e+00, 5.804136e+00, 5.592499e+00
1.776777e+00, 1.578468e+00, 5.794034e+00, 5.586456e+00
1.786787e+00, 1.596304e+00, 5.783701e+00, 5.580486e+00
1.796797e+00, 1.614239e+00, 5.773146e+00, 5.574609e+00
1.806807e+00, 1.632275e+00, 5.762379e+00, 5.568843e+00
1.816817e+00, 1.650412e+00, 5.751408e+00, 5.563206e+00
1.826827e+00, 1.668648e+00, 5.740243e+00, 5.557717e+00
1.836837e+00, 1.686985e+00, 5.728894e+00, 5.552393e+00
1.846847e+00, 1.705422e+00, 5.717370e+00, 5.547250e+00
1.856857e+00, 1.723959e+00, 5.705681e+00, 5.542304e+00
1.866867e+00, 1.742596e+00, 5.693836e+00, 5.537572e+00
1.876877e+00, 1.761333e+00, 5.681845e+00, 5.533067e+00
1.886887e+00, 1.780171e+00, 5.669717e+00, 5.528804e+00
1.896897e+00, 1.799109e+00, 5.657464e+00, 5.524795e+00
1.906907e+00, 1.818147e+00, 5.645093e+00, 5.521052e+00
1.916917e+00, 1.837285e+00, 5.632615e+00, 5.517587e+00
1.926927e+00, 1.856524e+00, 5.620040e+00, 5.514410e+00
1.936937e+00, 1.875862e+00, 5.607378e+00, 5.511530e+00
1.946947e+00, 1.895301e+00, 5.594637e+00, 5.508956e+00
1.956957e+00, 1.914840e+00, 5.581828e+00, 5.506696e+00
1.966967e+00, 1.934480e+00, 5.568960e+00, 5.504756e+00
1.976977e+00, 1.954219e+00, 5.556043e+00, 5.503141e+00
1.986987e+00, 1.974059e+00, 5.543087e+00, 5.501856e+00
1.996997e+00, 1.993999e+00, 5.530099e+00, 5.500906e+00
2.007007e+00, 2.014039e+00, 5.517091e+00, 5.500292e+00
2.017017e+00, 2.034179e+00, 5.504070e+00, 5.500017e+00
2.027027e+00, 2.054419e+00, 5.491047e+00, 5.500080e+00
2.037037e+00, 2.074760e+00, 5.478030e+00, 5.500483e+00
2.047047e+00, 2.095201e+00, 5.465028e+00, 5.501223e+00
2.057057e+00, 2.115742e+00, 5.452050e+00, 5.502299e+00
2.067067e+00, 2.136383e+00, 5.439104e+00, 5.503708e+00
2.077077e+00, 2.157125e+00, 5.426200e+00, 5.505446e+00
2.087087e+00, 2.177966e+00, 5.413344e+00, 5.507509e+00
2.097097e+00, 2.198908e+00, 5.400547e+00, 5.509891e+00
2.107107e+00, 2.219950e+00, 5.387815e+00, 5.512585e+00
2.117117e+00, 2.241092e+00, 5.375157e+00, 5.515586e+00
2.127127e+00, 2.262335e+00, 5.362581e+00, 5.518884e+00
2.137137e+00, 2.283678e+00, 5.350093e+00, 5.522472e+00
2.147147e+00, 2.305120e+00, 5.337703e+00, 5.526340e+00
2.157157e+00, 2.326664e+00, 5.325416e+00, 5.530480e+00
2.167167e+00, 2.348307e+00, 5.313240e+00, 5.534879e+00
2.177177e+00, 2.370050e+00, 5.301182e+00, 5.539529e+00
2.187187e+00, 2.391894e+00, 5.289249e+00, 5.544416e+00
2.197197e+00, 2.413838e+00, 5.277447e+00, 5.549530e+00
2.207207e+00, 2.435882e+00, 5.265783e+00, 5.554858e+00
2.217217e+00, 2.458026e+00, 5.254262e+00, 5.560387e+00
2.227227e+00, 2.480271e+00, 5.242892e+00, 5.566105e+00
2.237237e+00, 2.502615e+00, 5.231676e+00, 5.571998e+00
2.247247e+00, 2.525060e+00, 5.220622e+00, 5.578052e+00
2.257257e+00, 2.547605e+00, 5.209735e+00, 5.584254e+00
2.267267e+00, 2.570250e+00, 5.199019e+00, 5.590589e+00
2.277277e+00, 2.592996e+00, 5.188480e+00, 5.597045e+00
2.287287e+00, 2.615842e+00, 5.178123e+00, 5.603605e+00
2.297297e+00, 2.638787e+00, 5.167951e+00, 5.610256e+00
2.307307e+00, 2.661834e+00, 5.157970e+00, 5.616984e+00
2.317317e+00, 2.684980e+00, 5.148183e+00, 5.623775e+00
2.327327e+00, 2.708226e+00, 5.138595e+00, 5.630613e+00
2.337337e+00, 2.731573e+00, 5.129209e+00, 5.637486e+00
2.347347e+00, 2.755020e+00, 5.120029e+00, 5.644378e+00
2.357357e+00, 2.778567e+00, 5.111058e+00, 5.651276e+00
2.367367e+00, 2.802214e+00, 5.102298e+00, 5.658167e+00
2.377377e+00, 2.825962e+00, 5.093754e+00, 5.665036e+00
2.387387e+00, 2.849809e+00, 5.085428e+00, 5.671870e+00
2.397397e+00, 2.873757e+00, 5.077321e+00, 5.678657e+00
2.407407e+00, 2.897805e+00, 5.069437e+00, 5.685384e+00
2.417417e+00, 2.921953e+00, 5.061778e+00, 5.692039e+00
2.427427e+00, 2.946202e+00, 5.054345e+00, 5.698608e+00
2.437437e+00, 2.970551e+00, 5.047140e+00, 5.705082e+00
2.447447e+00, 2.995000e+00, 5.040165e+00, 5.711449e+00
2.457457e+00, 3.019549e+00, 5.033420e+00, 5.717697e+00
2.467467e+00, 3.044198e+00, 5.026907e+00, 5.723817e+00
2.477477e+00, 3.068947e+00, 5.020627e+00, 5.729798e+00
2.487487e+00, 3.093797e+00, 5.014581e+00, 5.735631e+00
2.497497e+00, 3.118747e+00, 5.008769e+00, 5.741308e+00
2.507508e+00, 3.143797e+00, 5.003191e+00, 5.746819e+00
2.517518e+00, 3.168947e+00, 4.997848e+00, 5.752157e+00
2.527528e+00, 3.194198e+00, 4.992739e+00, 5.757314e+00
2.537538e+00, 3.219548e+00, 4.987865e+00, 5.762283e+00
2.547548e+00, 3.244999e+00, 4.983224e+00, 5.767057e+00
2.557558e+00, 3.270550e+00, 4.978817e+00, 5.771631e+00
2.567568e+00, 3.296202e+00, 4.974643e+00, 5.776000e+00
2.577578e+00, 3.321953e+00, 4.970701e+00, 5.780157e+00
2.587588e+00, 3.347805e+00, 4.966991e+00, 5.784099e+00
2.597598e+00, 3.373757e+00, 4.963509e+00, 5.787822e+00
2.607608e+00, 3.399809e+00, 4.960257e+00, 5.791323e+00
2.617618e+00, 3.425961e+00, 4.957232e+00, 5.794597e+00
2.627628e+00, 3.452213e+00, 4.954432e+00, 5.797645e+00
2.637638e+00, 3.478566e+00, 4.951856e+00, 5.800462e+00
2.647648e+00, 3.505019e+00, 4.949502e+00, 5.803048e+00
2.657658e+00, 3.531572e+00, 4.947368e+00, 5.805402e+00
2.667668e+00, 3.558225e+00, 4.945453e+00, 5.807523e+00
2.677678e+00, 3.584979e+00, 4.943753e+00, 5.809411e+00
2.687688e+00, 3.611833e+00, 4.942266e+00, 5.811067e+00
2.697698e+00, 3.638786e+00, 4.940991e+00, 5.812491e+00
2.707708e+00, 3.665841e+00, 4.939924e+00, 5.813685e+00
2.717718e+00, 3.692995e+00, 4.939063e+00, 5.814651e+00
2.727728e+00, 3.720249e+00, 4.938405e+00, 5.815389e+00
2.737738e+00, 3.747604e+00, 4.937947e+00, 5.815904e+00
2.747748e+00, 3.775059e+00, 4.937687e+00, 5.816196e+00
2.757758e+00, 3.802614e+00, 4.937621e+00, 5.816271e+00
2.767768e+00, 3.830269e+00, 4.937746e+00, 5.816130e+00
2.777778e+00, 3.858025e+00, 4.938059e+00, 5.815777e+00
2.787788e+00, 3.885880e+00, 4.938558e+00, 5.815217e+00
2.797798e+00, 3.913836e+00, 4.939238e+00, 5.814454e+00
2.807808e+00, 3.941892e+00, 4.940096e+00, 5.813493e+00
2.817818e+00, 3.970049e+00, 4.941129e+00, 5.812337e+00
2.827828e+00, 3.998305e+00, 4.942333e+00, 5.810992e+00
2.837838e+00, 4.026662e+00, 4.943706e+00, 5.809464e+00
2.847848e+00, 4.055119e+00, 4.945242e+00, 5.807756e+00
2.857858e+00, 4.083676e+00, 4.946939e+00, 5.805876e+00
2.867868e+00, 4.112333e+00, 4.948793e+00, 5.803829e+00
2.877878e+00, 4.141091e+00, 4.950800e+00, 5.801620e+00
2.887888e+00, 4.169948e+00, 4.952957e+00, 5.799256e+00
2.897898e+00, 4.198906e+00, 4.955260e+00, 5.796742e+00
2.907908e+00, 4.227964e+00, 4.957705e+00, 5.794084e+00
2.917918e+00, 4.257122e+00, 4.960288e+00, 5.791289e+00
2.927928e+00, 4.286381e+00, 4.963005e+00, 5.788364e+00
2.937938e+00, 4.315740e+00, 4.965853e+00, 5.785313e+00
2.947948e+00, 4.345199e+00, 4.968828e+00, 5.782144e+00
2.957958e+00, 4.374758e+00, 4.971926e+00, 5.778863e+00
2.967968e+00, 4.404417e+00, 4.975142e+00, 5.775476e+00
2.977978e+00, 4.434176e+00, 4.978474e+00, 5.771989e+00
2.987988e+00, 4.464036e+00, 4.981918e+00, 5.768409e+00
2.997998e+00, 4.493996e+00, 4.985469e+00, 5.764742e+00
3.008008e+00, 4.524056e+00, 4.989123e+00, 5.760995e+00
3.018018e+00, 4.554216e+00, 4.992878e+00, 5.757173e+00
3.028028e+00, 4.584477e+00, 4.996729e+00, 5.753282e+00
3.038038e+00, 4.614838e+00, 5.000672e+00, 5.749329e+00
3.048048e+00, 4.645298e+00, 5.004703e+00, 5.745319e+00
3.058058e+00, 4.675860e+00, 5.008820e+00, 5.741258e+00
3.068068e+00, 4.706521e+00, 5.013018e+00, 5.737152e+00
3.078078e+00, 4.737282e+00, 5.017293e+00, 5.733006e+00
3.088088e+00, 4.768144e+00, 5.021641e+00, 5.728827e+00
3.098098e+00, 4.799106e+00, 5.026060e+00, 5.724619e+00
3.108108e+00, 4.830168e+00, 5.030546e+00, 5.720387e+00
3.118118e+00, 4.861330e+00, 5.035095e+00, 5.716137e+00
3.128128e+00, 4.892593e+00, 5.039703e+00, 5.711874e+00
3.138138e+00, 4.923955e+00, 5.044367e+00, 5.707602e+00
3.148148e+00, 4.955418e+00, 5.049084e+00, 5.703326e+00
3.158158e+00, 4.986981e+00, 5.053849e+00, 5.699050e+00
3.168168e+00, 5.018645e+00, 5.058661e+00, 5.694780e+00
3.178178e+00, 5.050408e+00, 5.063516e+00, 5.690519e+00
3.188188e+00, 5.082272e+00, 5.068409e+00, 5.686270e+00
3.198198e+00, 5.114236e+00, 5.073339e+00, 5.682039e+00
3.208208e+00, 5.146300e+00, 5.078302e+00, 5.677829e+00
3.218218e+00, 5.178464e+00, 5.083295e+00, 5.673643e+00
3.228228e+00, 5.210729e+00, 5.088314e+00, 5.669485e+00
3.238238e+00, 5.243093e+00, 5.093358e+00, 5.665358e+00
3.248248e+00, 5.275558e+00, 5.098422e+00, 5.661265e+00
3.258258e+00, 5.308123e+00, 5.103505e+00, 5.657208e+00
3.268268e+00, 5.340789e+00, 5.108602e+00, 5.653192e+00
3.278278e+00, 5.373554e+00, 5.113713e+00, 5.649218e+00
3.288288e+00, 5.406420e+00, 5.118833e+00, 5.645289e+00
3.298298e+00, 5.439386e+00, 5.123960e+00, 5.641406e+00
3.308308e+00, 5.472452e+00, 5.129092e+00, 5.637573e+00
3.318318e+00, 5.505618e+00, 5.134225e+00, 5.633791e+00
3.328328e+00, 5.538885e+00, 5.139359e+00, 5.630062e+00
3.338338e+00, 5.572251e+00, 5.144489e+00, 5.626388e+00
3.348348e+00, 5.605718e+00, 5.149615e+00, 5.622770e+00
3.358358e+00, 5.639285e+00, 5.154733e+00, 5.619209e+00
3.368368e+00, 5.672953e+00, 5.159841e+00, 5.615708e+00
3.378378e+00, 5.706720e+00, 5.164938e+00, 5.612267e+00
3.388388e+00, 5.740588e+00, 5.170020e+00, 5.608886e+00
3.398398e+00, 5.774556e+00, 5.175087e+00, 5.605568e+00
3.408408e+00, 5.808624e+00, 5.180136e+00, 5.602313e+00
3.418418e+00, 5.842792e+00, 5.185165e+00, 5.599121e+00
3.428428e+00, 5.877061e+00, 5.190173e+00, 5.595993e+00
3.438438e+00, 5.911429e+00, 5.195157e+00, 5.592929e+00
3.448448e+00, 5.945898e+00, 5.200116e+00, 5.589930e+00
3.458458e+00, 5.980467e+00, 5.205048e+00, 5.586996e+00
3.468468e+00, 6.015137e+00, 5.209952e+00, 5.584128e+00
3.478478e+00, 6.049906e+00, 5.214826e+00, 5.581324e+00
3.488488e+00, 6.084776e+00, 5.219669e+00, 5.578586e+00
3.498498e+00, 6.119746e+00, 5.224478e+00, 5.575912e+00
3.508509e+00, 6.154816e+00, 5.229254e+00, 5.573304e+00
3.518519e+00, 6.189986e+00, 5.233993e+00, 5.570760e+00
3.528529e+00, 6.225257e+00, 5.238696e+00, 5.568280e+00
3.538539e+00, 6.260627e+00, 5.243362e+00, 5.565863e+00
3.548549e+00, 6.296098e+00, 5.247988e+00, 5.563510e+00
3.558559e+00, 6.331670e+00, 5.252573e+00, 5.561220e+00
3.568569e+00, 6.367341e+00, 5.257118e+00, 5.558992e+00
3.578579e+00, 6.403112e+00, 5.261620e+00, 5.556825e+00
3.588589e+00, 6.438984e+00, 5.266080e+00, 5.554719e+00
3.598599e+00, 6.474956e+00, 5.270495e+00, 5.552673e+00
3.608609e+00, 6.511028e+00, 5.274865e+00, 5.550686e+00
3.618619e+00, 6.547200e+00, 5.279190e+00, 5.548757e+00
3.628629e+00, 6.583473e+00, 5.283468e+00, 5.546886e+00
3.638639e+00, 6.619846e+00, 5.287700e+00, 5.545071e+00
3.648649e+00, 6.656318e+00, 5.291884e+00, 5.543312e+00
3.658659e+00, 6.692892e+00, 5.296019e+00, 5.541608e+00
3.668669e+00, 6.729565e+00, 5.300106e+00, 5.539958e+00
3.678679e+00, 6.766338e+00, 5.304143e+00, 5.538360e+00
3.688689e+00, 6.803212e+00, 5.308131e+00, 5.536814e+00
3.698699e+00, 6.840186e+00, 5.312069e+00, 5.535318e+00
3.708709e+00, 6.877260e+00, 5.315956e+00, 5.533872e+00
3.718719e+00, 6.914434e+00, 5.319793e+00, 5.532475e+00
3.728729e+00, 6.951709e+00, 5.323578e+00, 5.531125e+00
3.738739e+00, 6.989084e+00, 5.327312e+00, 5.529821e+00
3.748749e+00, 7.026559e+00, 5.330995e+00, 5.528563e+00
3.758759e+00, 7.064134e+00, 5.334626e+00, 5.527349e+00
3.768769e+00, 7.101809e+00, 5.338205e+00, 5.526178e+00
3.778779e+00, 7.139585e+00, 5.341732e+00, 5.525049e+00
3.788789e+00, 7.177460e+00, 5.345207e+00, 5.523961e+00
3.798799e+00, 7.215436e+00, 5.348630e+00, 5.522913e+00
3.808809e+00, 7.253512e+00, 5.352001e+00, 5.521904e+00
3.818819e+00, 7.291689e+00, 5.355320e+00, 5.520932e+00
3.828829e+00, 7.329965e+00, 5.358587e+00, 5.519998e+00
3.838839e+00, 7.368342e+00, 5.361802e+00, 5.519099e+00
3.848849e+00, 7.406819e+00, 5.364966e+00, 5.518234e+00
3.858859e+00, 7.445396e+00, 5.368078e+00, 5.517404e+00
3.868869e+00, 7.484073e+00, 5.371138e+00, 5.516605e+00
3.878879e+00, 7.522851e+00, 5.374147e+00, 5.515839e+00
3.888889e+00, 7.561728e+00, 5.377105e+00, 5.515103e+00
3.898899e+00, 7.600706e+00, 5.380013e+00, 5.514397e+00
3.908909e+00, 7.639784e+00, 5.382870e+00, 5.513720e+00
3.918919e+00, 7.678963e+00, 5.385676e+00, 5.513070e+00
3.928929e+00, 7.718241e+00, 5.388433e+00, 5.512447e+00
3.938939e+00, 7.757620e+00, 5.391140e+00, 5.511850e+00
3.948949e+00, 7.797099e+00, 5.393798e+00, 5.511279e+00
3.958959e+00, 7.836678e+00, 5.396407e+00, 5.510731e+00
3.968969e+00, 7.876357e+00, 5.398968e+00, 5.510208e+00
3.978979e+00, 7.916137e+00, 5.401480e+00, 5.509706e+00
3.988989e+00, 7.956017e+00, 5.403945e+00, 5.509227e+00
3.998999e+00, 7.995996e+00, 5.406362e+00, 5.508768e+00
4.009009e+00, 8.036077e+00, 5.408733e+00, 5.508330e+00
4.019019e+00, 8.076257e+00, 5.411057e+00, 5.507911e+00
4.029029e+00, 8.116537e+00, 5.413335e+00, 5.507511e+00
4.039039e+00, 8.156918e+00, 5.415568e+00, 5.507129e+00
4.049049e+00, 8.197399e+00, 5.417756e+00, 5.506764e+00
4.059059e+00, 8.237980e+00, 5.419899e+00, 5.506416e+00
4.069069e+00, 8.278662e+00, 5.421999e+00, 5.506084e+00
4.079079e+00, 8.319443e+00, 5.424055e+00, 5.505768e+00
4.089089e+00, 8.360325e+00, 5.426068e+00, 5.505466e+00
4.099099e+00, 8.401307e+00, 5.428039e+00, 5.505178e+00
4.109109e+00, 8.442389e+00, 5.429968e+00, 5.504905e+00
4.119119e+00, 8.483571e+00, 5.431855e+00, 5.504644e+00
4.129129e+00, 8.524854e+00, 5.433702e+00, 5.504395e+00
4.139139e+00, 8.566236e+00, 5.435509e+00, 5.504159e+00
4.149149e+00, 8.607719e+00, 5.437276e+00, 5.503934e+00
4.159159e+00, 8.649302e+00, 5.439004e+00, 5.503720e+00
4.169169e+00, 8.690986e+00, 5.440694e+00, 5.503517e+00
4.179179e+00, 8.732769e+00, 5.442345e+00, 5.503324e+00
4.189189e+00, 8.774653e+00, 5.443959e+00, 5.503141e+00
4.199199e+00, 8.816637e+00, 5.445537e+00, 5.502966e+00
4.209209e+00, 8.858721e+00, 5.447078e+00, 5.502801e+00
4.219219e+00, 8.900905e+00, 5.448584e+00, 5.502644e+00
4.229229e+00, 8.943190e+00, 5.450054e+00, 5.502495e+00
4.239239e+00, 8.985575e+00, 5.451490e+00, 5.502353e+00
4.249249e+00, 9.028060e+00, 5.452893e+00, 5.502219e+00
4.259259e+00, 9.070645e+00, 5.454262e+00, 5.502092e+00
4.269269e+00, 9.113330e+00, 5.455598e+00, 5.501972e+00
4.279279e+00, 9.156116e+00, 5.456902e+00, 5.501857e+00
4.289289e+00, 9.199001e+00, 5.458174e+00, 5.501749e+00
4.299299e+00, 9.241987e+00, 5.459416e+00, 5.501647e+00
4.309309e+00, 9.285073e+00, 5.460627e+00, 5.501550e+00
4.319319e+00, 9.328260e+00, 5.461808e+00, 5.501459e+00
4.329329e+00, 9.371546e+00, 5.462960e+00, 5.501372e+00
4.339339e+00, 9.414933e+00, 5.464083e+00, 5.501290e+00
4.349349e+00, 9.458420e+00, 5.465178e+00, 5.501213e+00
4.359359e+00, 9.502007e+00, 5.466245e+00, 5.501139e+00
4.369369e+00, 9.545694e+00, 5.467286e+00, 5.501070e+00
4.379379e+00, 9.589482e+00, 5.468299e+00, 5.501005e+00
4.389389e+00, 9.633370e+00, 5.469287e+00, 5.500943e+00
4.399399e+00, 9.677358e+00, 5.470250e+00, 5.500885e+00
4.409409e+00, 9.721446e+00, 5.471187e+00, 5.500830e+00
4.419419e+00, 9.765634e+00, 5.472100e+00, 5.500778e+00
4.429429e+00, 9.809923e+00, 5.472989e+00, 5.500730e+00
4.439439e+00, 9.854311e+00, 5.473855e+00, 5.500684e+00
4.449449e+00, 9.898800e+00, 5.474698e+00, 5.500640e+00
4.459459e+00, 9.943389e+00, 5.475519e+00, 5.500599e+00
4.469469e+00, 9.988079e+00, 5.476318e+00, 5.500561e+00
4.479479e+00, 1.003287e+01, 5.477095e+00, 5.500525e+00
4.489489e+00, 1.007776e+01, 5.477852e+00, 5.500491e+00
4.499499e+00, 1.012275e+01, 5.478589e+00, 5.500458e+00
4.509510e+00, 1.016784e+01, 5.479305e+00, 5.500428e+00
4.519520e+00, 1.021303e+01, 5.480003e+00, 5.500400e+00
4.529530e+00, 1.025832e+01, 5.480681e+00, 5.500373e+00
4.539540e+00, 1.030371e+01, 5.481341e+00, 5.500348e+00
4.549550e+00, 1.034920e+01, 5.481983e+00, 5.500325e+00
4.559560e+00, 1.039479e+01, 5.482608e+00, 5.500302e+00
4.569570e+00, 1.044048e+01, 5.483215e+00, 5.500282e+00
4.579580e+00, 1.048627e+01, 5.483806e+00, 5.500262e+00
4.589590e+00, 1.053217e+01, 5.484381e+00, 5.500244e+00
4.599600e+00, 1.057816e+01, 5.484940e+00, 5.500227e+00
4.609610e+00, 1.062425e+01, 5.485483e+00, 5.500211e+00
4.619620e+00, 1.067044e+01, 5.486012e+00, 5.500196e+00
4.629630e+00, 1.071674e+01, 5.486526e+00, 5.500182e+00
4.639640e+00, 1.076313e+01, 5.487026e+00, 5.500168e+00
4.649650e+00, 1.080962e+01, 5.487513e+00, 5.500156e+00
4.659660e+00, 1.085621e+01, 5.487986e+00, 5.500144e+00
4.669670e+00, 1.090291e+01, 5.488446e+00, 5.500133e+00
4.679680e+00, 1.094970e+01, 5.488894e+00, 5.500123e+00
4.689690e+00, 1.099659e+01, 5.489329e+00, 5.500114e+00
4.699700e+00, 1.104359e+01, 5.489753e+00, 5.500105e+00
4.709710e+00, 1.109068e+01, 5.490166e+00, 5.500097e+00
4.719720e+00, 1.113788e+01, 5.490567e+00, 5.500089e+00
4.729730e+00, 1.118517e+01, 5.490958e+00, 5.500082e+00
4.739740e+00, 1.123257e+01, 5.491338e+00, 5.500075e+00
4.749750e+00, 1.128006e+01, 5.491709e+00, 5.500069e+00
4.759760e+00, 1.132766e+01, 5.492070e+00, 5.500063e+00
4.769770e+00, 1.137535e+01, 5.492421e+00, 5.500057e+00
4.779780e+00, 1.142315e+01, 5.492764e+00, 5.500052e+00
4.789790e+00, 1.147104e+01, 5.493098e+00, 5.500048e+00
4.799800e+00, 1.151904e+01, 5.493424e+00, 5.500043e+00
4.809810e+00, 1.156714e+01, 5.493742e+00, 5.500039e+00
4.819820e+00, 1.161533e+01, 5.494052e+00, 5.500035e+00
4.829830e+00, 1.166363e+01, 5.494356e+00, 5.500032e+00
4.839840e+00, 1.171202e+01, 5.494652e+00, 5.500029e+00
4.849850e+00, 1.176052e+01, 5.494941e+00, 5.500026e+00
4.859860e+00, 1.180912e+01, 5.495224e+00, 5.500023e+00
4.869870e+00, 1.185782e+01, 5.495501e+00, 5.500020e+00
4.879880e+00, 1.190661e+01, 5.495772e+00, 5.500018e+00
4.889890e+00, 1.195551e+01, 5.496038e+00, 5.500016e+00
4.899900e+00, 1.200451e+01, 5.496299e+00, 5.500014e+00
4.909910e+00, 1.205361e+01, 5.496555e+00, 5.500012e+00
4.919920e+00, 1.210281e+01, 5.496806e+00, 5.500010e+00
4.929930e+00, 1.215210e+01, 5.497054e+00, 5.500009e+00
4.939940e+00, 1.220150e+01, 5.497297e+00, 5.500007e+00
4.949950e+00, 1.225100e+01, 5.497537e+00, 5.500006e+00
4.959960e+00, 1.230060e+01, 5.497773e+00, 5.500005e+00
4.969970e+00, 1.235030e+01, 5.498006e+00, 5.500004e+00
4.979980e+00, 1.240010e+01, 5.498237e+00, 5.500003e+00
4.989990e+00, 1.245000e+01, 5.498465e+00, 5.500002e+00
5.000000e+00, 1.250000e+01, 5.498691e+00, 5.500002e+00
