# E = 6.5
# x, V(x), E + psi, E + |psi|^2
-5.000000e+00, 1.250000e+01, 6.515254e+00, 6.500233e+00
-4.989990e+00, 1.245000e+01, 6.515416e+00, 6.500238e+00
-4.979980e+00, 1.240010e+01, 6.515596e+00, 6.500243e+00
-4.969970e+00, 1.235030e+01, 6.515795e+00, 6.500249e+00
-4.959960e+00, 1.230060e+01, 6.516012e+00, 6.500256e+00
-4.949950e+00, 1.225100e+01, 6.516248e+00, 6.500264e+00
-4.939940e+00, 1.220150e+01, 6.516502e+00, 6.500272e+00
-4.929930e+00, 1.215210e+01, 6.516776e+00, 6.500281e+00
-4.919920e+00, 1.210281e+01, 6.517068e+00, 6.500291e+00
-4.909910e+00, 1.205361e+01, 6.517380e+00, 6.500302e+00
-4.899900e+00, 1.200451e+01, 6.517711e+00, 6.500314e+00
-4.889890e+00, 1.195551e+01, 6.518061e+00, 6.500326e+00
-4.879880e+00, 1.190661e+01, 6.518431e+00, 6.500340e+00
-4.869870e+00, 1.185782e+01, 6.518821e+00, 6.500354e+00
-4.859860e+00, 1.180912e+01, 6.519232e+00, 6.500370e+00
-4.849850e+00, 1.176052e+01, 6.519663e+00, 6.500387e+00
-4.839840e+00, 1.171202e+01, 6.520114e+00, 6.500405e+00
-4.829830e+00, 1.166363e+01, 6.520587e+00, 6.500424e+00
-4.819820e+00, 1.161533e+01, 6.521081e+00, 6.500444e+00
-4.809810e+00, 1.156714e+01, 6.521596e+00, 6.500466e+00
-4.799800e+00, 1.151904e+01, 6.522134e+00, 6.500490e+00
-4.789790e+00, 1.147104e+01, 6.522693e+00, 6.500515e+00
-4.779780e+00, 1.142315e+01, 6.523276e+00, 6.500542e+00
-4.769770e+00, 1.137535e+01, 6.523881e+00, 6.500570e+00
-4.759760e+00, 1.132766e+01, 6.524509e+00, 6.500601e+00
-4.749750e+00, 1.128006e+01, 6.525162e+00, 6.500633e+00
-4.739740e+00, 1.123257e+01, 6.525838e+00, 6.500668e+00
-4.729730e+00, 1.118517e+01, 6.526539e+00, 6.500704e+00
-4.719720e+00, 1.113788e+01, 6.527265e+00, 6.500743e+00
-4.709710e+00, 1.109068e+01, 6.528016e+00, 6.500785e+00
-4.699700e+00, 1.104359e+01, 6.528793e+00, 6.500829e+00
-4.689690e+00, 1.099659e+01, 6.529596e+00, 6.500876e+00
-4.679680e+00, 1.094970e+01, 6.530426e+00, 6.500926e+00
-4.669670e+00, 1.090291e+01, 6.531283e+00, 6.500979e+00
-4.659660e+00, 1.085621e+01, 6.532168e+00, 6.501035e+00
-4.649650e+00, 1.080962e+01, 6.533080e+00, 6.501094e+00
-4.639640e+00, 1.076313e+01, 6.534022e+00, 6.501157e+00
-4.629630e+00, 1.071674e+01, 6.534992e+00, 6.501224e+00
-4.619620e+00, 1.067044e+01, 6.535992e+00, 6.501295e+00
-4.609610e+00, 1.062425e+01, 6.537022e+00, 6.501371e+00
-4.599600e+00, 1.057816e+01, 6.538082e+00, 6.501450e+00
-4.589590e+00, 1.053217e+01, 6.539174e+00, 6.501535e+00
-4.579580e+00, 1.048627e+01, 6.540297e+00, 6.501624e+00
-4.569570e+00, 1.044048e+01, 6.541453e+00, 6.501718e+00
-4.559560e+00, 1.039479e+01, 6.542641e+00, 6.501818e+00
-4.549550e+00, 1.034920e+01, 6.543863e+00, 6.501924e+00
-4.539540e+00, 1.030371e+01, 6.545118e+00, 6.502036e+00
-4.529530e+00, 1.025832e+01, 6.546408e+00, 6.502154e+00
-4.519520e+00, 1.021303e+01, 6.547733e+00, 6.502278e+00
-4.509510e+00, 1.016784e+01, 6.549093e+00, 6.502410e+00
-4.499499e+00, 1.012275e+01, 6.550489e+00, 6.502549e+00
-4.489489e+00, 1.007776e+01, 6.551922e+00, 6.502696e+00
-4.479479e+00, 1.003287e+01, 6.553392e+00, 6.502851e+00
-4.469469e+00, 9.988079e+00, 6.554900e+00, 6.503014e+00
-4.459459e+00, 9.943389e+00, 6.556447e+00, 6.503186e+00
-4.449449e+00, 9.898800e+00, 6.558032e+00, 6.503368e+00
-4.439439e+00, 9.854311e+00, 6.559657e+00, 6.503559e+00
-4.429429e+00, 9.809923e+00, 6.561322e+00, 6.503760e+00
-4.419419e+00, 9.765634e+00, 6.563028e+00, 6.503972e+00
-4.409409e+00, 9.721446e+00, 6.564775e+00, 6.504196e+00
-4.399399e+00, 9.677358e+00, 6.566563e+00, 6.504431e+00
-4.389389e+00, 9.633370e+00, 6.568394e+00, 6.504678e+00
-4.379379e+00, 9.589482e+00, 6.570268e+00, 6.504938e+00
-4.369369e+00, 9.545694e+00, 6.572186e+00, 6.505211e+00
-4.359359e+00, 9.502007e+00, 6.574148e+00, 6.505498e+00
-4.349349e+00, 9.458420e+00, 6.576154e+00, 6.505799e+00
-4.339339e+00, 9.414933e+00, 6.578205e+00, 6.506116e+00
-4.329329e+00, 9.371546e+00, 6.580302e+00, 6.506448e+00
-4.319319e+00, 9.328260e+00, 6.582445e+00, 6.506797e+00
-4.309309e+00, 9.285073e+00, 6.584635e+00, 6.507163e+00
-4.299299e+00, 9.241987e+00, 6.586873e+00, 6.507547e+00
-4.289289e+00, 9.199001e+00, 6.589158e+00, 6.507949e+00
-4.279279e+00, 9.156116e+00, 6.591491e+00, 6.508371e+00
-4.269269e+00, 9.113330e+00, 6.593873e+00, 6.508812e+00
-4.259259e+00, 9.070645e+00, 6.596304e+00, 6.509274e+00
-4.249249e+00, 9.028060e+00, 6.598784e+00, 6.509758e+00
-4.239239e+00, 8.985575e+00, 6.601315e+00, 6.510265e+00
-4.229229e+00, 8.943190e+00, 6.603896e+00, 6.510794e+00
-4.219219e+00, 8.900905e+00, 6.606528e+00, 6.511348e+00
-4.209209e+00, 8.858721e+00, 6.609211e+00, 6.511927e+00
-4.199199e+00, 8.816637e+00, 6.611946e+00, 6.512532e+00
-4.189189e+00, 8.774653e+00, 6.614733e+00, 6.513164e+00
-4.179179e+00, 8.732769e+00, 6.617572e+00, 6.513823e+00
-4.169169e+00, 8.690986e+00, 6.620464e+00, 6.514512e+00
-4.159159e+00, 8.649302e+00, 6.623409e+00, 6.515230e+00
-4.149149e+00, 8.607719e+00, 6.626407e+00, 6.515979e+00
-4.139139e+00, 8.566236e+00, 6.629458e+00, 6.516759e+00
-4.129129e+00, 8.524854e+00, 6.632563e+00, 6.517573e+00
-4.119119e+00, 8.483571e+00, 6.635721e+00, 6.518420e+00
-4.109109e+00, 8.442389e+00, 6.638934e+00, 6.519303e+00
-4.099099e+00, 8.401307e+00, 6.642200e+00, 6.520221e+00
-4.089089e+00, 8.360325e+00, 6.645521e+00, 6.521176e+00
-4.079079e+00, 8.319443e+00, 6.648896e+00, 6.522170e+00
-4.069069e+00, 8.278662e+00, 6.652326e+00, 6.523203e+00
-4.059059e+00, 8.237980e+00, 6.655809e+00, 6.524277e+00
-4.049049e+00, 8.197399e+00, 6.659347e+00, 6.525392e+00
-4.039039e+00, 8.156918e+00, 6.662939e+00, 6.526549e+00
-4.029029e+00, 8.116537e+00, 6.666585e+00, 6.527751e+00
-4.019019e+00, 8.076257e+00, 6.670286e+00, 6.528997e+00
-4.009009e+00, 8.036077e+00, 6.674040e+00, 6.530290e+00
-3.998999e+00, 7.995996e+00, 6.677847e+00, 6.531630e+00
-3.988989e+00, 7.956017e+00, 6.681708e+00, 6.533018e+00
-3.978979e+00, 7.916137e+00, 6.685622e+00, 6.534455e+00
-3.968969e+00, 7.876357e+00, 6.689588e+00, 6.535944e+00
-3.958959e+00, 7.836678e+00, 6.693607e+00, 6.537484e+00
-3.948949e+00, 7.797099e+00, 6.697678e+00, 6.539077e+00
-3.938939e+00, 7.757620e+00, 6.701800e+00, 6.540723e+00
-3.928929e+00, 7.718241e+00, 6.705973e+00, 6.542425e+00
-3.918919e+00, 7.678963e+00, 6.710196e+00, 6.544182e+00
-3.908909e+00, 7.639784e+00, 6.714469e+00, 6.545997e+00
-3.898899e+00, 7.600706e+00, 6.718791e+00, 6.547869e+00
-3.888889e+00, 7.561728e+00, 6.723161e+00, 6.549801e+00
-3.878879e+00, 7.522851e+00, 6.727578e+00, 6.551792e+00
-3.868869e+00, 7.484073e+00, 6.732043e+00, 6.553844e+00
-3.858859e+00, 7.445396e+00, 6.736553e+00, 6.555957e+00
-3.848849e+00, 7.406819e+00, 6.741107e+00, 6.558133e+00
-3.838839e+00, 7.368342e+00, 6.745706e+00, 6.560371e+00
-3.828829e+00, 7.329965e+00, 6.750347e+00, 6.562674e+00
-3.818819e+00, 7.291689e+00, 6.755030e+00, 6.565040e+00
-3.808809e+00, 7.253512e+00, 6.759754e+00, 6.567472e+00
-3.798799e+00, 7.215436e+00, 6.764516e+00, 6.569969e+00
-3.788789e+00, 7.177460e+00, 6.769317e+00, 6.572532e+00
-3.778779e+00, 7.139585e+00, 6.774154e+00, 6.575160e+00
-3.768769e+00, 7.101809e+00, 6.779026e+00, 6.577856e+00
-3.758759e+00, 7.064134e+00, 6.783932e+00, 6.580617e+00
-3.748749e+00, 7.026559e+00, 6.788870e+00, 6.583446e+00
-3.738739e+00, 6.989084e+00, 6.793839e+00, 6.586341e+00
-3.728729e+00, 6.951709e+00, 6.798836e+00, 6.589303e+00
-3.718719e+00, 6.914434e+00, 6.803860e+00, 6.592331e+00
-3.708709e+00, 6.877260e+00, 6.808910e+00, 6.595425e+00
-3.698699e+00, 6.840186e+00, 6.813983e+00, 6.598585e+00
-3.688689e+00, 6.803212e+00, 6.819077e+00, 6.601810e+00
-3.678679e+00, 6.766338e+00, 6.824191e+00, 6.605100e+00
-3.668669e+00, 6.729565e+00, 6.829322e+00, 6.608453e+00
-3.658659e+00, 6.692892e+00, 6.834468e+00, 6.611869e+00
-3.648649e+00, 6.656318e+00, 6.839627e+00, 6.615346e+00
-3.638639e+00, 6.619846e+00, 6.844797e+00, 6.618885e+00
-3.628629e+00, 6.583473e+00, 6.849974e+00, 6.622482e+00
-3.618619e+00, 6.547200e+00, 6.855158e+00, 6.626137e+00
-3.608609e+00, 6.511028e+00, 6.860345e+00, 6.629849e+00
-3.598599e+00, 6.474956e+00, 6.865533e+00, 6.633615e+00
-3.588589e+00, 6.438984e+00, 6.870720e+00, 6.637433e+00
-3.578579e+00, 6.403112e+00, 6.875901e+00, 6.641302e+00
-3.568569e+00, 6.367341e+00, 6.881075e+00, 6.645218e+00
-3.558559e+00, 6.331670e+00, 6.886239e+00, 6.649181e+00
-3.548549e+00, 6.296098e+00, 6.891391e+00, 6.653187e+00
-3.538539e+00, 6.260627e+00, 6.896526e+00, 6.657233e+00
-3.528529e+00, 6.225257e+00, 6.901642e+00, 6.661316e+00
-3.518519e+00, 6.189986e+00, 6.906736e+00, 6.665434e+00
-3.508509e+00, 6.154816e+00, 6.911804e+00, 6.669583e+00
-3.498498e+00, 6.119746e+00, 6.916845e+00, 6.673759e+00
-3.488488e+00, 6.084776e+00, 6.921853e+00, 6.677960e+00
-3.478478e+00, 6.049906e+00, 6.926826e+00, 6.682181e+00
-3.468468e+00, 6.015137e+00, 6.931761e+00, 6.686418e+00
-3.458458e+00, 5.980467e+00, 6.936654e+00, 6.690667e+00
-3.448448e+00, 5.945898e+00, 6.941501e+00, 6.694923e+00
-3.438438e+00, 5.911429e+00, 6.946300e+00, 6.699183e+00
-3.428428e+00, 5.877061e+00, 6.951045e+00, 6.703442e+00
-3.418418e+00, 5.842792e+00, 6.955735e+00, 6.707694e+00
-3.408408e+00, 5.808624e+00, 6.960364e+00, 6.711935e+00
-3.398398e+00, 5.774556e+00, 6.964930e+00, 6.716160e+00
-3.388388e+00, 5.740588e+00, 6.969428e+00, 6.720362e+00
-3.378378e+00, 5.706720e+00, 6.973854e+00, 6.724538e+00
-3.368368e+00, 5.672953e+00, 6.978205e+00, 6.728680e+00
-3.358358e+00, 5.639285e+00, 6.982477e+00, 6.732784e+00
-3.348348e+00, 5.605718e+00, 6.986666e+00, 6.736844e+00
-3.338338e+00, 5.572251e+00, 6.990768e+00, 6.740853e+00
-3.328328e+00, 5.538885e+00, 6.994778e+00, 6.744805e+00
-3.318318e+00, 5.505618e+00, 6.998693e+00, 6.748695e+00
-3.308308e+00, 5.472452e+00, 7.002508e+00, 6.752515e+00
-3.298298e+00, 5.439386e+00, 7.006221e+00, 6.756259e+00
-3.288288e+00, 5.406420e+00, 7.009825e+00, 6.759922e+00
-3.278278e+00, 5.373554e+00, 7.013318e+00, 6.763495e+00
-3.268268e+00, 5.340789e+00, 7.016695e+00, 6.766973e+00
-3.258258e+00, 5.308123e+00, 7.019952e+00, 6.770350e+00
-3.248248e+00, 5.275558e+00, 7.023084e+00, 6.773617e+00
-3.238238e+00, 5.243093e+00, 7.026089e+00, 6.776769e+00
-3.228228e+00, 5.210729e+00, 7.028960e+00, 6.779799e+00
-3.218218e+00, 5.178464e+00, 7.031695e+00, 6.782700e+00
-3.208208e+00, 5.146300e+00, 7.034290e+00, 6.785466e+00
-3.198198e+00, 5.114236e+00, 7.036739e+00, 6.788089e+00
-3.188188e+00, 5.082272e+00, 7.039040e+00, 6.790564e+00
-3.178178e+00, 5.050408e+00, 7.041187e+00, 6.792883e+00
-3.168168e+00, 5.018645e+00, 7.043177e+00, 6.795041e+00
-3.158158e+00, 4.986981e+00, 7.045005e+00, 6.797031e+00
-3.148148e+00, 4.955418e+00, 7.046669e+00, 6.798847e+00
-3.138138e+00, 4.923955e+00, 7.048163e+00, 6.800483e+00
-3.128128e+00, 4.892593e+00, 7.049484e+00, 6.801933e+00
-3.118118e+00, 4.861330e+00, 7.050628e+00, 6.803192e+00
-3.108108e+00, 4.830168e+00, 7.051592e+00, 6.804253e+00
-3.098098e+00, 4.799106e+00, 7.052370e+00, 6.805113e+00
-3.088088e+00, 4.768144e+00, 7.052961e+00, 6.805766e+00
-3.078078e+00, 4.737282e+00, 7.053359e+00, 6.806207e+00
-3.068068e+00, 4.706521e+00, 7.053563e+00, 6.806432e+00
-3.058058e+00, 4.675860e+00, 7.053567e+00, 6.806436e+00
-3.048048e+00, 4.645298e+00, 7.053369e+00, 6.806217e+00
-3.038038e+00, 4.614838e+00, 7.052965e+00, 6.805770e+00
-3.028028e+00, 4.584477e+00, 7.052352e+00, 6.805093e+00
-3.018018e+00, 4.554216e+00, 7.051527e+00, 6.804182e+00
-3.008008e+00, 4.524056e+00, 7.050487e+00, 6.803036e+00
-2.997998e+00, 4.493996e+00, 7.049229e+00, 6.801653e+00
-2.987988e+00, 4.464036e+00, 7.047751e+00, 6.800031e+00
-2.977978e+00, 4.434176e+00, 7.046049e+00, 6.798169e+00
-2.967968e+00, 4.404417e+00, 7.044121e+00, 6.796067e+00
-2.957958e+00, 4.374758e+00, 7.041964e+00, 6.793725e+00
-2.947948e+00, 4.345199e+00, 7.039576e+00, 6.791143e+00
-2.937938e+00, 4.315740e+00, 7.036956e+00, 6.788322e+00
-2.927928e+00, 4.286381e+00, 7.034101e+00, 6.785263e+00
-2.917918e+00, 4.257122e+00, 7.031008e+00, 6.781970e+00
-2.907908e+00, 4.227964e+00, 7.027677e+00, 6.778443e+00
-2.897898e+00, 4.198906e+00, 7.024106e+00, 6.774687e+00
-2.887888e+00, 4.169948e+00, 7.020293e+00, 6.770705e+00
-2.877878e+00, 4.141091e+00, 7.016237e+00, 6.766501e+00
-2.867868e+00, 4.112333e+00, 7.011937e+00, 6.762080e+00
-2.857858e+00, 4.083676e+00, 7.007392e+00, 6.757447e+00
-2.847848e+00, 4.055119e+00, 7.002602e+00, 6.752608e+00
-2.837838e+00, 4.026662e+00, 6.997565e+00, 6.747571e+00
-2.827828e+00, 3.998305e+00, 6.992282e+00, 6.742341e+00
-2.817818e+00, 3.970049e+00, 6.986751e+00, 6.736927e+00
-2.807808e+00, 3.941892e+00, 6.980974e+00, 6.731336e+00
-2.797798e+00, 3.913836e+00, 6.974951e+00, 6.725578e+00
-2.787788e+00, 3.885880e+00, 6.968681e+00, 6.719662e+00
-2.777778e+00, 3.858025e+00, 6.962166e+00, 6.713598e+00
-2.767768e+00, 3.830269e+00, 6.955406e+00, 6.707395e+00
-2.757758e+00, 3.802614e+00, 6.948403e+00, 6.701065e+00
-2.747748e+00, 3.775059e+00, 6.941157e+00, 6.694620e+00
-2.737738e+00, 3.747604e+00, 6.933670e+00, 6.688070e+00
-2.727728e+00, 3.720249e+00, 6.925944e+00, 6.681429e+00
-2.717718e+00, 3.692995e+00, 6.917981e+00, 6.674708e+00
-2.707708e+00, 3.665841e+00, 6.909783e+00, 6.667922e+00
-2.697698e+00, 3.638786e+00, 6.901352e+00, 6.661084e+00
-2.687688e+00, 3.611833e+00, 6.892691e+00, 6.654206e+00
-2.677678e+00, 3.584979e+00, 6.883803e+00, 6.647304e+00
-2.667668e+00, 3.558225e+00, 6.874690e+00, 6.640393e+00
-2.657658e+00, 3.531572e+00, 6.865357e+00, 6.633486e+00
-2.647648e+00, 3.505019e+00, 6.855806e+00, 6.626598e+00
-2.637638e+00, 3.478566e+00, 6.846042e+00, 6.619745e+00
-2.627628e+00, 3.452213e+00, 6.836068e+00, 6.612942e+00
-2.617618e+00, 3.425961e+00, 6.825889e+00, 6.606204e+00
-2.607608e+00, 3.399809e+00, 6.815509e+00, 6.599546e+00
-2.597598e+00, 3.373757e+00, 6.804933e+00, 6.592984e+00
-2.587588e+00, 3.347805e+00, 6.794167e+00, 6.586534e+00
-2.577578e+00, 3.321953e+00, 6.783214e+00, 6.580210e+00
-2.567568e+00, 3.296202e+00, 6.772081e+00, 6.574028e+00
-2.557558e+00, 3.270550e+00, 6.760773e+00, 6.568003e+00
-2.547548e+00, 3.244999e+00, 6.749297e+00, 6.562149e+00
-2.537538e+00, 3.219548e+00, 6.737658e+00, 6.556481e+00
-2.527528e+00, 3.194198e+00, 6.725863e+00, 6.551014e+00
-2.517518e+00, 3.168947e+00, 6.713918e+00, 6.545761e+00
-2.507508e+00, 3.143797e+00, 6.701831e+00, 6.540736e+00
-2.497497e+00, 3.118747e+00, 6.689607e+00, 6.535951e+00
-2.487487e+00, 3.093797e+00, 6.677255e+00, 6.531420e+00
-2.477477e+00, 3.068947e+00, 6.664783e+00, 6.527153e+00
-2.467467e+00, 3.044198e+00, 6.652197e+00, 6.523164e+00
-2.457457e+00, 3.019549e+00, 6.639505e+00, 6.519462e+00
-2.447447e+00, 2.995000e+00, 6.626717e+00, 6.516057e+00
-2.437437e+00, 2.970551e+00, 6.613839e+00, 6.512959e+00
-2.427427e+00, 2.946202e+00, 6.600881e+00, 6.510177e+00
-2.417417e+00, 2.921953e+00, 6.587851e+00, 6.507718e+00
-2.407407e+00, 2.897805e+00, 6.574758e+00, 6.505589e+00
-2.397397e+00, 2.873757e+00, 6.561611e+00, 6.503796e+00
-2.387387e+00, 2.849809e+00, 6.548419e+00, 6.502344e+00
-2.377377e+00, 2.825962e+00, 6.535192e+00, 6.501238e+00
-2.367367e+00, 2.802214e+00, 6.521939e+00, 6.500481e+00
-2.357357e+00, 2.778567e+00, 6.508670e+00, 6.500075e+00
-2.347347e+00, 2.755020e+00, 6.495394e+00, 6.500021e+00
-2.337337e+00, 2.731573e+00, 6.482122e+00, 6.500320e+00
-2.327327e+00, 2.708226e+00, 6.468863e+00, 6.500970e+00
-2.317317e+00, 2.684980e+00, 6.455628e+00, 6.501969e+00
-2.307307e+00, 2.661834e+00, 6.442427e+00, 6.503315e+00
-2.297297e+00, 2.638787e+00, 6.429270e+00, 6.505003e+00
-2.287287e+00, 2.615842e+00, 6.416168e+00, 6.507028e+00
-2.277277e+00, 2.592996e+00, 6.403131e+00, 6.509384e+00
-2.267267e+00, 2.570250e+00, 6.390170e+00, 6.512063e+00
-2.257257e+00, 2.547605e+00, 6.377295e+00, 6.515056e+00
-2.247247e+00, 2.525060e+00, 6.364518e+00, 6.518355e+00
-2.237237e+00, 2.502615e+00, 6.351849e+00, 6.521949e+00
-2.227227e+00, 2.480271e+00, 6.339298e+00, 6.525825e+00
-2.217217e+00, 2.458026e+00, 6.326877e+00, 6.529972e+00
-2.207207e+00, 2.435882e+00, 6.314596e+00, 6.534375e+00
-2.197197e+00, 2.413838e+00, 6.302466e+00, 6.539020e+00
-2.187187e+00, 2.391894e+00, 6.290497e+00, 6.543891e+00
-2.177177e+00, 2.370050e+00, 6.278702e+00, 6.548973e+00
-2.167167e+00, 2.348307e+00, 6.267089e+00, 6.554248e+00
-2.157157e+00, 2.326664e+00, 6.255670e+00, 6.559697e+00
-2.147147e+00, 2.305120e+00, 6.244456e+00, 6.565303e+00
-2.137137e+00, 2.283678e+00, 6.233456e+00, 6.571046e+00
-2.127127e+00, 2.262335e+00, 6.222681e+00, 6.576906e+00
-2.117117e+00, 2.241092e+00, 6.212142e+00, 6.582862e+00
-2.107107e+00, 2.219950e+00, 6.201849e+00, 6.588894e+00
-2.097097e+00, 2.198908e+00, 6.191811e+00, 6.594980e+00
-2.087087e+00, 2.177966e+00, 6.182039e+00, 6.601099e+00
-2.077077e+00, 2.157125e+00, 6.172543e+00, 6.607228e+00
-2.067067e+00, 2.136383e+00, 6.163331e+00, 6.613346e+00
-2.057057e+00, 2.115742e+00, 6.154414e+00, 6.619430e+00
-2.047047e+00, 2.095201e+00, 6.145800e+00, 6.625457e+00
-2.037037e+00, 2.074760e+00, 6.137499e+00, 6.631407e+00
-2.027027e+00, 2.054419e+00, 6.129520e+00, 6.637256e+00
-2.017017e+00, 2.034179e+00, 6.121870e+00, 6.642982e+00
-2.007007e+00, 2.014039e+00, 6.114559e+00, 6.648565e+00
-1.996997e+00, 1.993999e+00, 6.107595e+00, 6.653982e+00
-1.986987e+00, 1.974059e+00, 6.100984e+00, 6.659213e+00
-1.976977e+00, 1.954219e+00, 6.094736e+00, 6.664239e+00
-1.966967e+00, 1.934480e+00, 6.088857e+00, 6.669039e+00
-1.956957e+00, 1.914840e+00, 6.083354e+00, 6.673594e+00
-1.946947e+00, 1.895301e+00, 6.078233e+00, 6.677887e+00
-1.936937e+00, 1.875862e+00, 6.073502e+00, 6.681900e+00
-1.926927e+00, 1.856524e+00, 6.069166e+00, 6.685618e+00
-1.916917e+00, 1.837285e+00, 6.065231e+00, 6.689024e+00
-1.906907e+00, 1.818147e+00, 6.061703e+00, 6.692105e+00
-1.896897e+00, 1.799109e+00, 6.058585e+00, 6.694847e+00
-1.886887e+00, 1.780171e+00, 6.055883e+00, 6.697240e+00
-1.876877e+00, 1.761333e+00, 6.053601e+00, 6.699272e+00
-1.866867e+00, 1.742596e+00, 6.051744e+00, 6.700934e+00
-1.856857e+00, 1.723959e+00, 6.050313e+00, 6.702218e+00
-1.846847e+00, 1.705422e+00, 6.049313e+00, 6.703119e+00
-1.836837e+00, 1.686985e+00, 6.048746e+00, 6.703630e+00
-1.826827e+00, 1.668648e+00, 6.048614e+00, 6.703750e+00
-1.816817e+00, 1.650412e+00, 6.048919e+00, 6.703474e+00
-1.806807e+00, 1.632275e+00, 6.049662e+00, 6.702804e+00
-1.796797e+00, 1.614239e+00, 6.050845e+00, 6.701740e+00
-1.786787e+00, 1.596304e+00, 6.052467e+00, 6.700286e+00
-1.776777e+00, 1.578468e+00, 6.054529e+00, 6.698444e+00
-1.766767e+00, 1.560732e+00, 6.057031e+00, 6.696222e+00
-1.756757e+00, 1.543097e+00, 6.059971e+00, 6.693626e+00
-1.746747e+00, 1.525562e+00, 6.063348e+00, 6.690665e+00
-1.736737e+00, 1.508127e+00, 6.067160e+00, 6.687351e+00
-1.726727e+00, 1.490793e+00, 6.071405e+00, 6.683694e+00
-1.716717e+00, 1.473558e+00, 6.076080e+00, 6.679708e+00
-1.706707e+00, 1.456424e+00, 6.081183e+00, 6.675408e+00
-1.696697e+00, 1.439390e+00, 6.086708e+00, 6.670810e+00
-1.686687e+00, 1.422456e+00, 6.092653e+00, 6.665931e+00
-1.676677e+00, 1.405622e+00, 6.099012e+00, 6.660791e+00
-1.666667e+00, 1.388889e+00, 6.105781e+00, 6.655409e+00
-1.656657e+00, 1.372256e+00, 6.112953e+00, 6.649805e+00
-1.646647e+00, 1.355723e+00, 6.120523e+00, 6.644003e+00
-1.636637e+00, 1.339290e+00, 6.128484e+00, 6.638024e+00
-1.626627e+00, 1.322957e+00, 6.136830e+00, 6.631893e+00
-1.616617e+00, 1.306725e+00, 6.145552e+00, 6.625634e+00
-1.606607e+00, 1.290592e+00, 6.154643e+00, 6.619272e+00
-1.596597e+00, 1.274560e+00, 6.164094e+00, 6.612833e+00
-1.586587e+00, 1.258628e+00, 6.173897e+00, 6.606343e+00
-1.576577e+00, 1.242797e+00, 6.184043e+00, 6.599829e+00
-1.566567e+00, 1.227065e+00, 6.194521e+00, 6.593317e+00
-1.556557e+00, 1.211434e+00, 6.205322e+00, 6.586835e+00
-1.546547e+00, 1.195903e+00, 6.216436e+00, 6.580409e+00
-1.536537e+00, 1.180472e+00, 6.227851e+00, 6.574065e+00
-1.526527e+00, 1.165142e+00, 6.239556e+00, 6.567831e+00
-1.516517e+00, 1.149911e+00, 6.251539e+00, 6.561733e+00
-1.506507e+00, 1.134781e+00, 6.263789e+00, 6.555796e+00
-1.496496e+00, 1.119751e+00, 6.276293e+00, 6.550045e+00
-1.486486e+00, 1.104821e+00, 6.289038e+00, 6.544505e+00
-1.476476e+00, 1.089991e+00, 6.302010e+00, 6.539200e+00
-1.466466e+00, 1.075262e+00, 6.315198e+00, 6.534152e+00
-1.456456e+00, 1.060633e+00, 6.328586e+00, 6.529383e+00
-1.446446e+00, 1.046104e+00, 6.342162e+00, 6.524913e+00
-1.436436e+00, 1.031675e+00, 6.355910e+00, 6.520762e+00
-1.426426e+00, 1.017346e+00, 6.369815e+00, 6.516948e+00
-1.416416e+00, 1.003118e+00, 6.383864e+00, 6.513488e+00
-1.406406e+00, 9.889895e-01, 6.398040e+00, 6.510396e+00
-1.396396e+00, 9.749614e-01, 6.412330e+00, 6.507686e+00
-1.386386e+00, 9.610336e-01, 6.426716e+00, 6.505371e+00
-1.376376e+00, 9.472060e-01, 6.441183e+00, 6.503459e+00
-1.366366e+00, 9.334785e-01, 6.455716e+00, 6.501961e+00
-1.356356e+00, 9.198513e-01, 6.470299e+00, 6.500882e+00
-1.346346e+00, 9.063242e-01, 6.484914e+00, 6.500228e+00
-1.336336e+00, 8.928974e-01, 6.499547e+00, 6.500000e+00
-1.326326e+00, 8.795708e-01, 6.514180e+00, 6.500201e+00
-1.316316e+00, 8.663443e-01, 6.528797e+00, 6.500829e+00
-1.306306e+00, 8.532181e-01, 6.543381e+00, 6.501882e+00
-1.296296e+00, 8.401920e-01, 6.557917e+00, 6.503354e+00
-1.286286e+00, 8.272662e-01, 6.572386e+00, 6.505240e+00
-1.276276e+00, 8.144406e-01, 6.586774e+00, 6.507530e+00
-1.266266e+00, 8.017151e-01, 6.601062e+00, 6.510214e+00
-1.256256e+00, 7.890899e-01, 6.615235e+00, 6.513279e+00
-1.246246e+00, 7.765649e-01, 6.629277e+00, 6.516712e+00
-1.236236e+00, 7.641400e-01, 6.643170e+00, 6.520498e+00
-1.226226e+00, 7.518154e-01, 6.656898e+00, 6.524617e+00
-1.216216e+00, 7.395909e-01, 6.670446e+00, 6.529052e+00
-1.206206e+00, 7.274667e-01, 6.683797e+00, 6.533781e+00
-1.196196e+00, 7.154427e-01, 6.696935e+00, 6.538783e+00
-1.186186e+00, 7.035188e-01, 6.709845e+00, 6.544035e+00
-1.176176e+00, 6.916952e-01, 6.722512e+00, 6.549511e+00
-1.166166e+00, 6.799718e-01, 6.734919e+00, 6.555187e+00
-1.156156e+00, 6.683485e-01, 6.747052e+00, 6.561035e+00
-1.146146e+00, 6.568255e-01, 6.758897e+00, 6.567028e+00
-1.136136e+00, 6.454027e-01, 6.770439e+00, 6.573137e+00
-1.126126e+00, 6.340800e-01, 6.781663e+00, 6.579334e+00
-1.116116e+00, 6.228576e-01, 6.792556e+00, 6.585589e+00
-1.106106e+00, 6.117354e-01, 6.803105e+00, 6.591873e+00
-1.096096e+00, 6.007133e-01, 6.813296e+00, 6.598154e+00
-1.086086e+00, 5.897915e-01, 6.823117e+00, 6.604404e+00
-1.076076e+00, 5.789699e-01, 6.832555e+00, 6.610593e+00
-1.066066e+00, 5.682484e-01, 6.841598e+00, 6.616689e+00
-1.056056e+00, 5.576272e-01, 6.850235e+00, 6.622665e+00
-1.046046e+00, 5.471062e-01, 6.858456e+00, 6.628491e+00
-1.036036e+00, 5.366853e-01, 6.866249e+00, 6.634138e+00
-1.026026e+00, 5.263647e-01, 6.873604e+00, 6.639580e+00
-1.016016e+00, 5.161443e-01, 6.880512e+00, 6.644789e+00
-1.006006e+00, 5.060240e-01, 6.886963e+00, 6.649741e+00
-9.959960e-01, 4.960040e-01, 6.892950e+00, 6.654410e+00
-9.859860e-01, 4.860842e-01, 6.898465e+00, 6.658774e+00
-9.759760e-01, 4.762646e-01, 6.903499e+00, 6.662811e+00
-9.659660e-01, 4.665451e-01, 6.908046e+00, 6.666501e+00
-9.559560e-01, 4.569259e-01, 6.912099e+00, 6.669826e+00
-9.459459e-01, 4.474069e-01, 6.915654e+00, 6.672768e+00
-9.359359e-01, 4.379880e-01, 6.918704e+00, 6.675313e+00
-9.259259e-01, 4.286694e-01, 6.921246e+00, 6.677448e+00
-9.159159e-01, 4.194510e-01, 6.923276e+00, 6.679162e+00
-9.059059e-01, 4.103328e-01, 6.924789e+00, 6.680446e+00
-8.958959e-01, 4.013147e-01, 6.925785e+00, 6.681293e+00
-8.858859e-01, 3.923969e-01, 6.926260e+00, 6.681697e+00
-8.758759e-01, 3.835793e-01, 6.926213e+00, 6.681658e+00
-8.658659e-01, 3.748618e-01, 6.925644e+00, 6.681173e+00
-8.558559e-01, 3.662446e-01, 6.924553e+00, 6.680245e+00
-8.458458e-01, 3.577276e-01, 6.922939e+00, 6.678878e+00
-8.358358e-01, 3.493108e-01, 6.920805e+00, 6.677077e+00
-8.258258e-01, 3.409941e-01, 6.918153e+00, 6.674852e+00
-8.158158e-01, 3.327777e-01, 6.914985e+00, 6.672212e+00
-8.058058e-01, 3.246615e-01, 6.911303e+00, 6.669170e+00
-7.957958e-01, 3.166455e-01, 6.907113e+00, 6.665741e+00
-7.857858e-01, 3.087297e-01, 6.902418e+00, 6.661940e+00
-7.757758e-01, 3.009140e-01, 6.897224e+00, 6.657787e+00
-7.657658e-01, 2.931986e-01, 6.891537e+00, 6.653301e+00
-7.557558e-01, 2.855834e-01, 6.885363e+00, 6.648504e+00
-7.457457e-01, 2.780684e-01, 6.878708e+00, 6.643420e+00
-7.357357e-01, 2.706535e-01, 6.871582e+00, 6.638073e+00
-7.257257e-01, 2.633389e-01, 6.863992e+00, 6.632490e+00
-7.157157e-01, 2.561245e-01, 6.855947e+00, 6.626698e+00
-7.057057e-01, 2.490103e-01, 6.847457e+00, 6.620726e+00
-6.956957e-01, 2.419963e-01, 6.838531e+00, 6.614603e+00
-6.856857e-01, 2.350824e-01, 6.829181e+00, 6.608360e+00
-6.756757e-01, 2.282688e-01, 6.819418e+00, 6.602028e+00
-6.656657e-01, 2.215554e-01, 6.809253e+00, 6.595637e+00
-6.556557e-01, 2.149422e-01, 6.798699e+00, 6.589221e+00
-6.456456e-01, 2.084291e-01, 6.787769e+00, 6.582811e+00
-6.356356e-01, 2.020163e-01, 6.776476e+00, 6.576439e+00
-6.256256e-01, 1.957037e-01, 6.764835e+00, 6.570137e+00
-6.156156e-01, 1.894913e-01, 6.752858e+00, 6.563937e+00
-6.056056e-01, 1.833791e-01, 6.740562e+00, 6.557870e+00
-5.955956e-01, 1.773671e-01, 6.727962e+00, 6.551967e+00
-5.855856e-01, 1.714552e-01, 6.715073e+00, 6.546256e+00
-5.755756e-01, 1.656436e-01, 6.701911e+00, 6.540768e+00
-5.655656e-01, 1.599322e-01, 6.688493e+00, 6.535529e+00
-5.555556e-01, 1.543210e-01, 6.674835e+00, 6.530567e+00
-5.455455e-01, 1.488100e-01, 6.660955e+00, 6.525906e+00
-5.355355e-01, 1.433992e-01, 6.646870e+00, 6.521571e+00
-5.255255e-01, 1.380885e-01, 6.632598e+00, 6.517582e+00
-5.155155e-01, 1.328781e-01, 6.618157e+00, 6.513961e+00
-5.055055e-01, 1.277679e-01, 6.603565e+00, 6.510726e+00
-4.954955e-01, 1.227579e-01, 6.588841e+00, 6.507893e+00
-4.854855e-01, 1.178481e-01, 6.574004e+00, 6.505477e+00
-4.754755e-01, 1.130385e-01, 6.559072e+00, 6.503489e+00
-4.654655e-01, 1.083290e-01, 6.544064e+00, 6.501942e+00
-4.554555e-01, 1.037198e-01, 6.529000e+00, 6.500841e+00
-4.454454e-01, 9.921082e-02, 6.513899e+00, 6.500193e+00
-4.354354e-01, 9.480201e-02, 6.498779e+00, 6.500001e+00
-4.254254e-01, 9.049340e-02, 6.483662e+00, 6.500267e+00
-4.154154e-01, 8.628498e-02, 6.468565e+00, 6.500988e+00
-4.054054e-01, 8.217677e-02, 6.453509e+00, 6.502161e+00
-3.953954e-01, 7.816876e-02, 6.438513e+00, 6.503781e+00
-3.853854e-01, 7.426095e-02, 6.423595e+00, 6.505838e+00
-3.753754e-01, 7.045334e-02, 6.408777e+00, 6.508322e+00
-3.653654e-01, 6.674593e-02, 6.394075e+00, 6.511220e+00
-3.553554e-01, 6.313871e-02, 6.379510e+00, 6.514518e+00
-3.453453e-01, 5.963170e-02, 6.365101e+00, 6.518198e+00
-3.353353e-01, 5.622489e-02, 6.350866e+00, 6.522241e+00
-3.253253e-01, 5.291828e-02, 6.336823e+00, 6.526627e+00
-3.153153e-01, 4.971187e-02, 6.322991e+00, 6.531332e+00
-3.053053e-01, 4.660566e-02, 6.309388e+00, 6.536333e+00
-2.952953e-01, 4.359966e-02, 6.296031e+00, 6.541603e+00
-2.852853e-01, 4.069385e-02, 6.282938e+00, 6.547116e+00
-2.752753e-01, 3.788824e-02, 6.270127e+00, 6.552842e+00
-2.652653e-01, 3.518283e-02, 6.257612e+00, 6.558752e+00
-2.552553e-01, 3.257762e-02, 6.245412e+00, 6.564815e+00
-2.452452e-01, 3.007262e-02, 6.233542e+00, 6.571000e+00
-2.352352e-01, 2.766781e-02, 6.222017e+00, 6.577274e+00
-2.252252e-01, 2.536320e-02, 6.210853e+00, 6.583606e+00
-2.152152e-01, 2.315879e-02, 6.200064e+00, 6.589962e+00
-2.052052e-01, 2.105459e-02, 6.189664e+00, 6.596309e+00
-1.951952e-01, 1.905058e-02, 6.179667e+00, 6.602613e+00
-1.851852e-01, 1.714678e-02, 6.170086e+00, 6.608843e+00
-1.751752e-01, 1.534317e-02, 6.160933e+00, 6.614966e+00
-1.651652e-01, 1.363977e-02, 6.152221e+00, 6.620950e+00
-1.551552e-01, 1.203656e-02, 6.143962e+00, 6.626763e+00
-1.451451e-01, 1.053356e-02, 6.136165e+00, 6.632376e+00
-1.351351e-01, 9.130752e-03, 6.128841e+00, 6.637759e+00
-1.251251e-01, 7.828148e-03, 6.122000e+00, 6.642884e+00
-1.151151e-01, 6.625745e-03, 6.115650e+00, 6.647725e+00
-1.051051e-01, 5.523542e-03, 6.109801e+00, 6.652255e+00
-9.509510e-02, 4.521539e-03, 6.104459e+00, 6.656452e+00
-8.508509e-02, 3.619736e-03, 6.099633e+00, 6.660294e+00
-7.507508e-02, 2.818133e-03, 6.095327e+00, 6.663760e+00
-6.506507e-02, 2.116731e-03, 6.091549e+00, 6.666833e+00
-5.505506e-02, 1.515530e-03, 6.088302e+00, 6.669495e+00
-4.504505e-02, 1.014528e-03, 6.085591e+00, 6.671735e+00
-3.503504e-02, 6.137268e-04, 6.083420e+00, 6.673539e+00
-2.502503e-02, 3.131259e-04, 6.081791e+00, 6.674898e+00
-1.501502e-02, 1.127253e-04, 6.080707e+00, 6.675806e+00
-5.005005e-03, 1.252504e-05, 6.080170e+00, 6.676257e+00
5.005005e-03, 1.252504e-05, 6.080179e+00, 6.676250e+00
1.501502e-02, 1.127253e-04, 6.080735e+00, 6.675784e+00
2.502503e-02, 3.131259e-04, 6.081836e+00, 6.674861e+00
3.503504e-02, 6.137268e-04, 6.083483e+00, 6.673486e+00
4.504505e-02, 1.014528e-03, 6.085672e+00, 6.671668e+00
5.505506e-02, 1.515530e-03, 6.088400e+00, 6.669414e+00
6.506507e-02, 2.116731e-03, 6.091665e+00, 6.666738e+00
7.507508e-02, 2.818133e-03, 6.095461e+00, 6.663652e+00
8.508509e-02, 3.619736e-03, 6.099784e+00, 6.660173e+00
9.509510e-02, 4.521539e-03, 6.104628e+00, 6.656319e+00
1.051051e-01, 5.523542e-03, 6.109986e+00, 6.652111e+00
1.151151e-01, 6.625745e-03, 6.115852e+00, 6.647570e+00
1.251251e-01, 7.828148e-03, 6.122218e+00, 6.642719e+00
1.351351e-01, 9.130752e-03, 6.129075e+00, 6.637585e+00
1.451451e-01, 1.053356e-02, 6.136415e+00, 6.632194e+00
1.551552e-01, 1.203656e-02, 6.144227e+00, 6.626574e+00
1.651652e-01, 1.363977e-02, 6.152502e+00, 6.620755e+00
1.751752e-01, 1.534317e-02, 6.161229e+00, 6.614766e+00
1.851852e-01, 1.714678e-02, 6.170396e+00, 6.608639e+00
1.951952e-01, 1.905058e-02, 6.179991e+00, 6.602406e+00
2.052052e-01, 2.105459e-02, 6.190001e+00, 6.596099e+00
2.152152e-01, 2.315879e-02, 6.200414e+00, 6.589752e+00
2.252252e-01, 2.536320e-02, 6.211216e+00, 6.583396e+00
2.352352e-01, 2.766781e-02, 6.222392e+00, 6.577066e+00
2.452452e-01, 3.007262e-02, 6.233929e+00, 6.570794e+00
2.552553e-01, 3.257762e-02, 6.245810e+00, 6.564612e+00
2.652653e-01, 3.518283e-02, 6.258021e+00, 6.558554e+00
2.752753e-01, 3.788824e-02, 6.270546e+00, 6.552649e+00
2.852853e-01, 4.069385e-02, 6.283367e+00, 6.546930e+00
2.952953e-01, 4.359966e-02, 6.296469e+00, 6.541425e+00
3.053053e-01, 4.660566e-02, 6.309834e+00, 6.536163e+00
3.153153e-01, 4.971187e-02, 6.323445e+00, 6.531172e+00
3.253253e-01, 5.291828e-02, 6.337285e+00, 6.526476e+00
3.353353e-01, 5.622489e-02, 6.351334e+00, 6.522102e+00
3.453453e-01, 5.963170e-02, 6.365575e+00, 6.518070e+00
3.553554e-01, 6.313871e-02, 6.379990e+00, 6.514402e+00
3.653654e-01, 6.674593e-02, 6.394560e+00, 6.511118e+00
3.753754e-01, 7.045334e-02, 6.409266e+00, 6.508233e+00
3.853854e-01, 7.426095e-02, 6.424088e+00, 6.505763e+00
3.953954e-01, 7.816876e-02, 6.439009e+00, 6.503720e+00
4.054054e-01, 8.217677e-02, 6.454007e+00, 6.502115e+00
4.154154e-01, 8.628498e-02, 6.469065e+00, 6.500957e+00
4.254254e-01, 9.049340e-02, 6.484163e+00, 6.500251e+00
4.354354e-01, 9.480201e-02, 6.499281e+00, 6.500001e+00
4.454454e-01, 9.921082e-02, 6.514400e+00, 6.500207e+00
4.554555e-01, 1.037198e-01, 6.529500e+00, 6.500870e+00
4.654655e-01, 1.083290e-01, 6.544563e+00, 6.501986e+00
4.754755e-01, 1.130385e-01, 6.559569e+00, 6.503548e+00
4.854855e-01, 1.178481e-01, 6.574498e+00, 6.505550e+00
4.954955e-01, 1.227579e-01, 6.589332e+00, 6.507980e+00
5.055055e-01, 1.277679e-01, 6.604052e+00, 6.510827e+00
5.155155e-01, 1.328781e-01, 6.618639e+00, 6.514075e+00
5.255255e-01, 1.380885e-01, 6.633075e+00, 6.517709e+00
5.355355e-01, 1.433992e-01, 6.647341e+00, 6.521709e+00
5.455455e-01, 1.488100e-01, 6.661419e+00, 6.526056e+00
5.555556e-01, 1.543210e-01, 6.675292e+00, 6.530727e+00
5.655656e-01, 1.599322e-01, 6.688942e+00, 6.535699e+00
5.755756e-01, 1.656436e-01, 6.702352e+00, 6.540946e+00
5.855856e-01, 1.714552e-01, 6.715506e+00, 6.546443e+00
5.955956e-01, 1.773671e-01, 6.728386e+00, 6.552160e+00
6.056056e-01, 1.833791e-01, 6.740976e+00, 6.558070e+00
6.156156e-01, 1.894913e-01, 6.753262e+00, 6.564142e+00
6.256256e-01, 1.957037e-01, 6.765227e+00, 6.570345e+00
6.356356e-01, 2.020163e-01, 6.776857e+00, 6.576650e+00
6.456456e-01, 2.084291e-01, 6.788138e+00, 6.583024e+00
6.556557e-01, 2.149422e-01, 6.799056e+00, 6.589434e+00
6.656657e-01, 2.215554e-01, 6.809597e+00, 6.595850e+00
6.756757e-01, 2.282688e-01, 6.819749e+00, 6.602239e+00
6.856857e-01, 2.350824e-01, 6.829498e+00, 6.608569e+00
6.956957e-01, 2.419963e-01, 6.838834e+00, 6.614809e+00
7.057057e-01, 2.490103e-01, 6.847745e+00, 6.620927e+00
7.157157e-01, 2.561245e-01, 6.856221e+00, 6.626893e+00
7.257257e-01, 2.633389e-01, 6.864251e+00, 6.632679e+00
7.357357e-01, 2.706535e-01, 6.871826e+00, 6.638254e+00
7.457457e-01, 2.780684e-01, 6.878936e+00, 6.643593e+00
7.557558e-01, 2.855834e-01, 6.885574e+00, 6.648668e+00
7.657658e-01, 2.931986e-01, 6.891732e+00, 6.653454e+00
7.757758e-01, 3.009140e-01, 6.897403e+00, 6.657929e+00
7.857858e-01, 3.087297e-01, 6.902581e+00, 6.662071e+00
7.957958e-01, 3.166455e-01, 6.907258e+00, 6.665859e+00
8.058058e-01, 3.246615e-01, 6.911431e+00, 6.669276e+00
8.158158e-01, 3.327777e-01, 6.915095e+00, 6.672304e+00
8.258258e-01, 3.409941e-01, 6.918246e+00, 6.674930e+00
8.358358e-01, 3.493108e-01, 6.920881e+00, 6.677141e+00
8.458458e-01, 3.577276e-01, 6.922998e+00, 6.678927e+00
8.558559e-01, 3.662446e-01, 6.924593e+00, 6.680279e+00
8.658659e-01, 3.748618e-01, 6.925667e+00, 6.681192e+00
8.758759e-01, 3.835793e-01, 6.926218e+00, 6.681662e+00
8.858859e-01, 3.923969e-01, 6.926247e+00, 6.681686e+00
8.958959e-01, 4.013147e-01, 6.925754e+00, 6.681267e+00
9.059059e-01, 4.103328e-01, 6.924741e+00, 6.680405e+00
9.159159e-01, 4.194510e-01, 6.923210e+00, 6.679106e+00
9.259259e-01, 4.286694e-01, 6.921163e+00, 6.677378e+00
9.359359e-01, 4.379880e-01, 6.918603e+00, 6.675229e+00
9.459459e-01, 4.474069e-01, 6.915535e+00, 6.672670e+00
9.559560e-01, 4.569259e-01, 6.911964e+00, 6.669714e+00
9.659660e-01, 4.665451e-01, 6.907893e+00, 6.666377e+00
9.759760e-01, 4.762646e-01, 6.903329e+00, 6.662674e+00
9.859860e-01, 4.860842e-01, 6.898278e+00, 6.658626e+00
9.959960e-01, 4.960040e-01, 6.892748e+00, 6.654251e+00
1.006006e+00, 5.060240e-01, 6.886745e+00, 6.649571e+00
1.016016e+00, 5.161443e-01, 6.880277e+00, 6.644611e+00
1.026026e+00, 5.263647e-01, 6.873353e+00, 6.639393e+00
1.036036e+00, 5.366853e-01, 6.865983e+00, 6.633943e+00
1.046046e+00, 5.471062e-01, 6.858175e+00, 6.628289e+00
1.056056e+00, 5.576272e-01, 6.849940e+00, 6.622458e+00
1.066066e+00, 5.682484e-01, 6.841288e+00, 6.616478e+00
1.076076e+00, 5.789699e-01, 6.832231e+00, 6.610377e+00
1.086086e+00, 5.897915e-01, 6.822779e+00, 6.604186e+00
1.096096e+00, 6.007133e-01, 6.812945e+00, 6.597935e+00
1.106106e+00, 6.117354e-01, 6.802741e+00, 6.591652e+00
1.116116e+00, 6.228576e-01, 6.792180e+00, 6.585369e+00
1.126126e+00, 6.340800e-01, 6.781275e+00, 6.579116e+00
1.136136e+00, 6.454027e-01, 6.770039e+00, 6.572921e+00
1.146146e+00, 6.568255e-01, 6.758487e+00, 6.566815e+00
1.156156e+00, 6.683485e-01, 6.746631e+00, 6.560827e+00
1.166166e+00, 6.799718e-01, 6.734488e+00, 6.554985e+00
1.176176e+00, 6.916952e-01, 6.722071e+00, 6.549316e+00
1.186186e+00, 7.035188e-01, 6.709396e+00, 6.543847e+00
1.196196e+00, 7.154427e-01, 6.696477e+00, 6.538603e+00
1.206206e+00, 7.274667e-01, 6.683331e+00, 6.533610e+00
1.216216e+00, 7.395909e-01, 6.669973e+00, 6.528891e+00
1.226226e+00, 7.518154e-01, 6.656418e+00, 6.524467e+00
1.236236e+00, 7.641400e-01, 6.642683e+00, 6.520358e+00
1.246246e+00, 7.765649e-01, 6.628784e+00, 6.516585e+00
1.256256e+00, 7.890899e-01, 6.614738e+00, 6.513165e+00
1.266266e+00, 8.017151e-01, 6.600560e+00, 6.510112e+00
1.276276e+00, 8.144406e-01, 6.586268e+00, 6.507442e+00
1.286286e+00, 8.272662e-01, 6.571877e+00, 6.505166e+00
1.296296e+00, 8.401920e-01, 6.557404e+00, 6.503295e+00
1.306306e+00, 8.532181e-01, 6.542866e+00, 6.501838e+00
1.316316e+00, 8.663443e-01, 6.528280e+00, 6.500800e+00
1.326326e+00, 8.795708e-01, 6.513662e+00, 6.500187e+00
1.336336e+00, 8.928974e-01, 6.499028e+00, 6.500001e+00
1.346346e+00, 9.063242e-01, 6.484396e+00, 6.500243e+00
1.356356e+00, 9.198513e-01, 6.469781e+00, 6.500913e+00
1.366366e+00, 9.334785e-01, 6.455200e+00, 6.502007e+00
1.376376e+00, 9.472060e-01, 6.440669e+00, 6.503520e+00
1.386386e+00, 9.610336e-01, 6.426203e+00, 6.505446e+00
1.396396e+00, 9.749614e-01, 6.411820e+00, 6.507776e+00
1.406406e+00, 9.889895e-01, 6.397534e+00, 6.510499e+00
1.416416e+00, 1.003118e+00, 6.383362e+00, 6.513604e+00
1.426426e+00, 1.017346e+00, 6.369318e+00, 6.517078e+00
1.436436e+00, 1.031675e+00, 6.355417e+00, 6.520904e+00
1.446446e+00, 1.046104e+00, 6.341675e+00, 6.525067e+00
1.456456e+00, 1.060633e+00, 6.328106e+00, 6.529548e+00
1.466466e+00, 1.075262e+00, 6.314724e+00, 6.534327e+00
1.476476e+00, 1.089991e+00, 6.301544e+00, 6.539385e+00
1.486486e+00, 1.104821e+00, 6.288579e+00, 6.544699e+00
1.496496e+00, 1.119751e+00, 6.275842e+00, 6.550247e+00
1.506507e+00, 1.134781e+00, 6.263347e+00, 6.556005e+00
1.516517e+00, 1.149911e+00, 6.251107e+00, 6.561948e+00
1.526527e+00, 1.165142e+00, 6.239133e+00, 6.568052e+00
1.536537e+00, 1.180472e+00, 6.227438e+00, 6.574290e+00
1.546547e+00, 1.195903e+00, 6.216034e+00, 6.580637e+00
1.556557e+00, 1.211434e+00, 6.204931e+00, 6.587066e+00
1.566567e+00, 1.227065e+00, 6.194141e+00, 6.593550e+00
1.576577e+00, 1.242797e+00, 6.183675e+00, 6.600062e+00
1.586587e+00, 1.258628e+00, 6.173541e+00, 6.606575e+00
1.596597e+00, 1.274560e+00, 6.163751e+00, 6.613064e+00
1.606607e+00, 1.290592e+00, 6.154312e+00, 6.619500e+00
1.616617e+00, 1.306725e+00, 6.145234e+00, 6.625859e+00
1.626627e+00, 1.322957e+00, 6.136526e+00, 6.632113e+00
1.636637e+00, 1.339290e+00, 6.128194e+00, 6.638239e+00
1.646647e+00, 1.355723e+00, 6.120248e+00, 6.644212e+00
1.656657e+00, 1.372256e+00, 6.112692e+00, 6.650007e+00
1.666667e+00, 1.388889e+00, 6.105535e+00, 6.655603e+00
1.676677e+00, 1.405622e+00, 6.098781e+00, 6.660977e+00
1.686687e+00, 1.422456e+00, 6.092437e+00, 6.666108e+00
1.696697e+00, 1.439390e+00, 6.086508e+00, 6.670976e+00
1.706707e+00, 1.456424e+00, 6.080998e+00, 6.675563e+00
1.716717e+00, 1.473558e+00, 6.075911e+00, 6.679851e+00
1.726727e+00, 1.490793e+00, 6.071252e+00, 6.683825e+00
1.736737e+00, 1.508127e+00, 6.067023e+00, 6.687469e+00
1.746747e+00, 1.525562e+00, 6.063227e+00, 6.690771e+00
1.756757e+00, 1.543097e+00, 6.059867e+00, 6.693717e+00
1.766767e+00, 1.560732e+00, 6.056943e+00, 6.696299e+00
1.776777e+00, 1.578468e+00, 6.054458e+00, 6.698507e+00
1.786787e+00, 1.596304e+00, 6.052413e+00, 6.700334e+00
1.796797e+00, 1.614239e+00, 6.050807e+00, 6.701774e+00
1.806807e+00, 1.632275e+00, 6.049641e+00, 6.702823e+00
1.816817e+00, 1.650412e+00, 6.048915e+00, 6.703478e+00
1.826827e+00, 1.668648e+00, 6.048627e+00, 6.703738e+00
1.836837e+00, 1.686985e+00, 6.048775e+00, 6.703604e+00
1.846847e+00, 1.705422e+00, 6.049359e+00, 6.703077e+00
1.856857e+00, 1.723959e+00, 6.050376e+00, 6.702162e+00
1.866867e+00, 1.742596e+00, 6.051823e+00, 6.700862e+00
1.876877e+00, 1.761333e+00, 6.053698e+00, 6.699186e+00
1.886887e+00, 1.780171e+00, 6.055996e+00, 6.697140e+00
1.896897e+00, 1.799109e+00, 6.058714e+00, 6.694733e+00
1.906907e+00, 1.818147e+00, 6.061848e+00, 6.691977e+00
1.916917e+00, 1.837285e+00, 6.065393e+00, 6.688883e+00
1.926927e+00, 1.856524e+00, 6.069344e+00, 6.685465e+00
1.936937e+00, 1.875862e+00, 6.073696e+00, 6.681735e+00
1.946947e+00, 1.895301e+00, 6.078442e+00, 6.677711e+00
1.956957e+00, 1.914840e+00, 6.083578e+00, 6.673407e+00
1.966967e+00, 1.934480e+00, 6.089096e+00, 6.668842e+00
1.976977e+00, 1.954219e+00, 6.094991e+00, 6.664033e+00
1.986987e+00, 1.974059e+00, 6.101254e+00, 6.658998e+00
1.996997e+00, 1.993999e+00, 6.107879e+00, 6.653759e+00
2.007007e+00, 2.014039e+00, 6.114858e+00, 6.648335e+00
2.017017e+00, 2.034179e+00, 6.122183e+00, 6.642746e+00
2.027027e+00, 2.054419e+00, 6.129846e+00, 6.637014e+00
2.037037e+00, 2.074760e+00, 6.137839e+00, 6.631161e+00
2.047047e+00, 2.095201e+00, 6.146153e+00, 6.625208e+00
2.057057e+00, 2.115742e+00, 6.154779e+00, 6.619177e+00
2.067067e+00, 2.136383e+00, 6.163709e+00, 6.613092e+00
2.077077e+00, 2.157125e+00, 6.172933e+00, 6.606973e+00
2.087087e+00, 2.177966e+00, 6.182441e+00, 6.600843e+00
2.097097e+00, 2.198908e+00, 6.192225e+00, 6.594726e+00
2.107107e+00, 2.219950e+00, 6.202274e+00, 6.588641e+00
2.117117e+00, 2.241092e+00, 6.212578e+00, 6.582612e+00
2.127127e+00, 2.262335e+00, 6.223127e+00, 6.576659e+00
2.137137e+00, 2.283678e+00, 6.233912e+00, 6.570803e+00
2.147147e+00, 2.305120e+00, 6.244921e+00, 6.565065e+00
2.157157e+00, 2.326664e+00, 6.256145e+00, 6.559465e+00
2.167167e+00, 2.348307e+00, 6.267573e+00, 6.554023e+00
2.177177e+00, 2.370050e+00, 6.279194e+00, 6.548755e+00
2.187187e+00, 2.391894e+00, 6.290997e+00, 6.543682e+00
2.197197e+00, 2.413838e+00, 6.302973e+00, 6.538820e+00
2.207207e+00, 2.435882e+00, 6.315111e+00, 6.534184e+00
2.217217e+00, 2.458026e+00, 6.327398e+00, 6.529791e+00
2.227227e+00, 2.480271e+00, 6.339826e+00, 6.525656e+00
2.237237e+00, 2.502615e+00, 6.352383e+00, 6.521791e+00
2.247247e+00, 2.525060e+00, 6.365058e+00, 6.518209e+00
2.257257e+00, 2.547605e+00, 6.377840e+00, 6.514923e+00
2.267267e+00, 2.570250e+00, 6.390719e+00, 6.511942e+00
2.277277e+00, 2.592996e+00, 6.403684e+00, 6.509277e+00
2.287287e+00, 2.615842e+00, 6.416725e+00, 6.506935e+00
2.297297e+00, 2.638787e+00, 6.429830e+00, 6.504924e+00
2.307307e+00, 2.661834e+00, 6.442990e+00, 6.503250e+00
2.317317e+00, 2.684980e+00, 6.456194e+00, 6.501919e+00
2.327327e+00, 2.708226e+00, 6.469431e+00, 6.500934e+00
2.337337e+00, 2.731573e+00, 6.482691e+00, 6.500300e+00
2.347347e+00, 2.755020e+00, 6.495965e+00, 6.500016e+00
2.357357e+00, 2.778567e+00, 6.509241e+00, 6.500085e+00
2.367367e+00, 2.802214e+00, 6.522511e+00, 6.500507e+00
2.377377e+00, 2.825962e+00, 6.535764e+00, 6.501279e+00
2.387387e+00, 2.849809e+00, 6.548990e+00, 6.502400e+00
2.397397e+00, 2.873757e+00, 6.562181e+00, 6.503867e+00
2.407407e+00, 2.897805e+00, 6.575327e+00, 6.505674e+00
2.417417e+00, 2.921953e+00, 6.588418e+00, 6.507818e+00
2.427427e+00, 2.946202e+00, 6.601446e+00, 6.510291e+00
2.437437e+00, 2.970551e+00, 6.614402e+00, 6.513088e+00
2.447447e+00, 2.995000e+00, 6.627276e+00, 6.516199e+00
2.457457e+00, 3.019549e+00, 6.640062e+00, 6.519617e+00
2.467467e+00, 3.044198e+00, 6.652749e+00, 6.523332e+00
2.477477e+00, 3.068947e+00, 6.665331e+00, 6.527334e+00
2.487487e+00, 3.093797e+00, 6.677800e+00, 6.531613e+00
2.497497e+00, 3.118747e+00, 6.690146e+00, 6.536156e+00
2.507508e+00, 3.143797e+00, 6.702364e+00, 6.540951e+00
2.517518e+00, 3.168947e+00, 6.714446e+00, 6.545987e+00
2.527528e+00, 3.194198e+00, 6.726385e+00, 6.551250e+00
2.537538e+00, 3.219548e+00, 6.738174e+00, 6.556727e+00
2.547548e+00, 3.244999e+00, 6.749807e+00, 6.562403e+00
2.557558e+00, 3.270550e+00, 6.761276e+00, 6.568265e+00
2.567568e+00, 3.296202e+00, 6.772576e+00, 6.574298e+00
2.577578e+00, 3.321953e+00, 6.783702e+00, 6.580487e+00
2.587588e+00, 3.347805e+00, 6.794646e+00, 6.586816e+00
2.597598e+00, 3.373757e+00, 6.805405e+00, 6.593272e+00
2.607608e+00, 3.399809e+00, 6.815972e+00, 6.599838e+00
2.617618e+00, 3.425961e+00, 6.826343e+00, 6.606500e+00
2.627628e+00, 3.452213e+00, 6.836513e+00, 6.613241e+00
2.637638e+00, 3.478566e+00, 6.846477e+00, 6.620047e+00
2.647648e+00, 3.505019e+00, 6.856232e+00, 6.626901e+00
2.657658e+00, 3.531572e+00, 6.865773e+00, 6.633790e+00
2.667668e+00, 3.558225e+00, 6.875096e+00, 6.640697e+00
2.677678e+00, 3.584979e+00, 6.884198e+00, 6.647608e+00
2.687688e+00, 3.611833e+00, 6.893076e+00, 6.654509e+00
2.697698e+00, 3.638786e+00, 6.901726e+00, 6.661384e+00
2.707708e+00, 3.665841e+00, 6.910146e+00, 6.668220e+00
2.717718e+00, 3.692995e+00, 6.918333e+00, 6.675003e+00
2.727728e+00, 3.720249e+00, 6.926285e+00, 6.681719e+00
2.737738e+00, 3.747604e+00, 6.933999e+00, 6.688355e+00
2.747748e+00, 3.775059e+00, 6.941474e+00, 6.694900e+00
2.757758e+00, 3.802614e+00, 6.948708e+00, 6.701339e+00
2.767768e+00, 3.830269e+00, 6.955699e+00, 6.707662e+00
2.777778e+00, 3.858025e+00, 6.962447e+00, 6.713857e+00
2.787788e+00, 3.885880e+00, 6.968950e+00, 6.719914e+00
2.797798e+00, 3.913836e+00, 6.975207e+00, 6.725821e+00
2.807808e+00, 3.941892e+00, 6.981217e+00, 6.731570e+00
2.817818e+00, 3.970049e+00, 6.986982e+00, 6.737151e+00
2.827828e+00, 3.998305e+00, 6.992499e+00, 6.742555e+00
2.837838e+00, 4.026662e+00, 6.997769e+00, 6.747774e+00
2.847848e+00, 4.055119e+00, 7.002793e+00, 6.752800e+00
2.857858e+00, 4.083676e+00, 7.007570e+00, 6.757627e+00
2.867868e+00, 4.112333e+00, 7.012101e+00, 6.762248e+00
2.877878e+00, 4.141091e+00, 7.016388e+00, 6.766657e+00
2.887888e+00, 4.169948e+00, 7.020430e+00, 6.770848e+00
2.897898e+00, 4.198906e+00, 7.024230e+00, 6.774817e+00
2.907908e+00, 4.227964e+00, 7.027787e+00, 6.778560e+00
2.917918e+00, 4.257122e+00, 7.031105e+00, 6.782072e+00
2.927928e+00, 4.286381e+00, 7.034183e+00, 6.785352e+00
2.937938e+00, 4.315740e+00, 7.037025e+00, 6.788396e+00
2.947948e+00, 4.345199e+00, 7.039632e+00, 6.791202e+00
2.957958e+00, 4.374758e+00, 7.042005e+00, 6.793770e+00
2.967968e+00, 4.404417e+00, 7.044148e+00, 6.796097e+00
2.977978e+00, 4.434176e+00, 7.046063e+00, 6.798184e+00
2.987988e+00, 4.464036e+00, 7.047751e+00, 6.800031e+00
2.997998e+00, 4.493996e+00, 7.049216e+00, 6.801638e+00
3.008008e+00, 4.524056e+00, 7.050460e+00, 6.803006e+00
3.018018e+00, 4.554216e+00, 7.051486e+00, 6.804136e+00
3.028028e+00, 4.584477e+00, 7.052297e+00, 6.805031e+00
3.038038e+00, 4.614838e+00, 7.052896e+00, 6.805693e+00
3.048048e+00, 4.645298e+00, 7.053286e+00, 6.806125e+00
3.058058e+00, 4.675860e+00, 7.053470e+00, 6.806329e+00
3.068068e+00, 4.706521e+00, 7.053452e+00, 6.806309e+00
3.078078e+00, 4.737282e+00, 7.053236e+00, 6.806070e+00
3.088088e+00, 4.768144e+00, 7.052823e+00, 6.805614e+00
3.098098e+00, 4.799106e+00, 7.052219e+00, 6.804946e+00
3.108108e+00, 4.830168e+00, 7.051427e+00, 6.804072e+00
3.118118e+00, 4.861330e+00, 7.050450e+00, 6.802995e+00
3.128128e+00, 4.892593e+00, 7.049293e+00, 6.801723e+00
3.138138e+00, 4.923955e+00, 7.047958e+00, 6.800258e+00
3.148148e+00, 4.955418e+00, 7.046451e+00, 6.798608e+00
3.158158e+00, 4.986981e+00, 7.044774e+00, 6.796779e+00
3.168168e+00, 5.018645e+00, 7.042932e+00, 6.794775e+00
3.178178e+00, 5.050408e+00, 7.040929e+00, 6.792604e+00
3.188188e+00, 5.082272e+00, 7.038769e+00, 6.790272e+00
3.198198e+00, 5.114236e+00, 7.036456e+00, 6.787785e+00
3.208208e+00, 5.146300e+00, 7.033994e+00, 6.785149e+00
3.218218e+00, 5.178464e+00, 7.031386e+00, 6.782372e+00
3.228228e+00, 5.210729e+00, 7.028639e+00, 6.779459e+00
3.238238e+00, 5.243093e+00, 7.025754e+00, 6.776418e+00
3.248248e+00, 5.275558e+00, 7.022737e+00, 6.773254e+00
3.258258e+00, 5.308123e+00, 7.019592e+00, 6.769976e+00
3.268268e+00, 5.340789e+00, 7.016323e+00, 6.766590e+00
3.278278e+00, 5.373554e+00, 7.012934e+00, 6.763101e+00
3.288288e+00, 5.406420e+00, 7.009429e+00, 6.759518e+00
3.298298e+00, 5.439386e+00, 7.005812e+00, 6.755846e+00
3.308308e+00, 5.472452e+00, 7.002088e+00, 6.752093e+00
3.318318e+00, 5.505618e+00, 6.998261e+00, 6.748264e+00
3.328328e+00, 5.538885e+00, 6.994334e+00, 6.744366e+00
3.338338e+00, 5.572251e+00, 6.990312e+00, 6.740406e+00
3.348348e+00, 5.605718e+00, 6.986199e+00, 6.736389e+00
3.358358e+00, 5.639285e+00, 6.981999e+00, 6.732323e+00
3.368368e+00, 5.672953e+00, 6.977715e+00, 6.728212e+00
3.378378e+00, 5.706720e+00, 6.973353e+00, 6.724063e+00
3.388388e+00, 5.740588e+00, 6.968915e+00, 6.719881e+00
3.398398e+00, 5.774556e+00, 6.964406e+00, 6.715673e+00
3.408408e+00, 5.808624e+00, 6.959829e+00, 6.711443e+00
3.418418e+00, 5.842792e+00, 6.955188e+00, 6.707197e+00
3.428428e+00, 5.877061e+00, 6.950488e+00, 6.702939e+00
3.438438e+00, 5.911429e+00, 6.945731e+00, 6.698676e+00
3.448448e+00, 5.945898e+00, 6.940922e+00, 6.694412e+00
3.458458e+00, 5.980467e+00, 6.936064e+00, 6.690152e+00
3.468468e+00, 6.015137e+00, 6.931160e+00, 6.685899e+00
3.478478e+00, 6.049906e+00, 6.926215e+00, 6.681659e+00
3.488488e+00, 6.084776e+00, 6.921231e+00, 6.677435e+00
3.498498e+00, 6.119746e+00, 6.916212e+00, 6.673232e+00
3.508509e+00, 6.154816e+00, 6.911161e+00, 6.669053e+00
3.518519e+00, 6.189986e+00, 6.906082e+00, 6.664903e+00
3.528529e+00, 6.225257e+00, 6.900978e+00, 6.660783e+00
3.538539e+00, 6.260627e+00, 6.895851e+00, 6.656698e+00
3.548549e+00, 6.296098e+00, 6.890706e+00, 6.652651e+00
3.558559e+00, 6.331670e+00, 6.885544e+00, 6.648644e+00
3.568569e+00, 6.367341e+00, 6.880370e+00, 6.644681e+00
3.578579e+00, 6.403112e+00, 6.875185e+00, 6.640764e+00
3.588589e+00, 6.438984e+00, 6.869993e+00, 6.636895e+00
3.598599e+00, 6.474956e+00, 6.864797e+00, 6.633077e+00
3.608609e+00, 6.511028e+00, 6.859599e+00, 6.629311e+00
3.618619e+00, 6.547200e+00, 6.854401e+00, 6.625600e+00
3.628629e+00, 6.583473e+00, 6.849207e+00, 6.621946e+00
3.638639e+00, 6.619846e+00, 6.844019e+00, 6.618349e+00
3.648649e+00, 6.656318e+00, 6.838839e+00, 6.614812e+00
3.658659e+00, 6.692892e+00, 6.833669e+00, 6.611335e+00
3.668669e+00, 6.729565e+00, 6.828513e+00, 6.607921e+00
3.678679e+00, 6.766338e+00, 6.823371e+00, 6.604569e+00
3.688689e+00, 6.803212e+00, 6.818247e+00, 6.601281e+00
3.698699e+00, 6.840186e+00, 6.813142e+00, 6.598058e+00
3.708709e+00, 6.877260e+00, 6.808059e+00, 6.594900e+00
3.718719e+00, 6.914434e+00, 6.802999e+00, 6.591808e+00
3.728729e+00, 6.951709e+00, 6.797964e+00, 6.588782e+00
3.738739e+00, 6.989084e+00, 6.792956e+00, 6.585823e+00
3.748749e+00, 7.026559e+00, 6.787976e+00, 6.582930e+00
3.758759e+00, 7.064134e+00, 6.783027e+00, 6.580104e+00
3.768769e+00, 7.101809e+00, 6.778110e+00, 6.577345e+00
3.778779e+00, 7.139585e+00, 6.773227e+00, 6.574653e+00
3.788789e+00, 7.177460e+00, 6.768378e+00, 6.572027e+00
3.798799e+00, 7.215436e+00, 6.763566e+00, 6.569467e+00
3.808809e+00, 7.253512e+00, 6.758792e+00, 6.566973e+00
3.818819e+00, 7.291689e+00, 6.754057e+00, 6.564545e+00
3.828829e+00, 7.329965e+00, 6.749362e+00, 6.562182e+00
3.838839e+00, 7.368342e+00, 6.744709e+00, 6.559882e+00
3.848849e+00, 7.406819e+00, 6.740098e+00, 6.557647e+00
3.858859e+00, 7.445396e+00, 6.735531e+00, 6.555475e+00
3.868869e+00, 7.484073e+00, 6.731008e+00, 6.553365e+00
3.878879e+00, 7.522851e+00, 6.726531e+00, 6.551316e+00
3.888889e+00, 7.561728e+00, 6.722101e+00, 6.549329e+00
3.898899e+00, 7.600706e+00, 6.717717e+00, 6.547401e+00
3.908909e+00, 7.639784e+00, 6.713382e+00, 6.545532e+00
3.918919e+00, 7.678963e+00, 6.709096e+00, 6.543721e+00
3.928929e+00, 7.718241e+00, 6.704858e+00, 6.541967e+00
3.938939e+00, 7.757620e+00, 6.700671e+00, 6.540269e+00
3.948949e+00, 7.797099e+00, 6.696535e+00, 6.538626e+00
3.958959e+00, 7.836678e+00, 6.692449e+00, 6.537037e+00
3.968969e+00, 7.876357e+00, 6.688415e+00, 6.535500e+00
3.978979e+00, 7.916137e+00, 6.684433e+00, 6.534016e+00
3.988989e+00, 7.956017e+00, 6.680504e+00, 6.532582e+00
3.998999e+00, 7.995996e+00, 6.676627e+00, 6.531197e+00
4.009009e+00, 8.036077e+00, 6.672803e+00, 6.529861e+00
4.019019e+00, 8.076257e+00, 6.669032e+00, 6.528572e+00
4.029029e+00, 8.116537e+00, 6.665314e+00, 6.527329e+00
4.039039e+00, 8.156918e+00, 6.661650e+00, 6.526131e+00
4.049049e+00, 8.197399e+00, 6.658040e+00, 6.524977e+00
4.059059e+00, 8.237980e+00, 6.654484e+00, 6.523865e+00
4.069069e+00, 8.278662e+00, 6.650981e+00, 6.522795e+00
4.079079e+00, 8.319443e+00, 6.647532e+00, 6.521766e+00
4.089089e+00, 8.360325e+00, 6.644137e+00, 6.520776e+00
4.099099e+00, 8.401307e+00, 6.640796e+00, 6.519823e+00
4.109109e+00, 8.442389e+00, 6.637508e+00, 6.518908e+00
4.119119e+00, 8.483571e+00, 6.634274e+00, 6.518029e+00
4.129129e+00, 8.524854e+00, 6.631093e+00, 6.517185e+00
4.139139e+00, 8.566236e+00, 6.627966e+00, 6.516375e+00
4.149149e+00, 8.607719e+00, 6.624891e+00, 6.515598e+00
4.159159e+00, 8.649302e+00, 6.621869e+00, 6.514852e+00
4.169169e+00, 8.690986e+00, 6.618900e+00, 6.514137e+00
4.179179e+00, 8.732769e+00, 6.615982e+00, 6.513452e+00
4.189189e+00, 8.774653e+00, 6.613117e+00, 6.512796e+00
4.199199e+00, 8.816637e+00, 6.610303e+00, 6.512167e+00
4.209209e+00, 8.858721e+00, 6.607541e+00, 6.511565e+00
4.219219e+00, 8.900905e+00, 6.604829e+00, 6.510989e+00
4.229229e+00, 8.943190e+00, 6.602168e+00, 6.510438e+00
4.239239e+00, 8.985575e+00, 6.599557e+00, 6.509912e+00
4.249249e+00, 9.028060e+00, 6.596995e+00, 6.509408e+00
4.259259e+00, 9.070645e+00, 6.594483e+00, 6.508927e+00
4.269269e+00, 9.113330e+00, 6.592019e+00, 6.508467e+00
4.279279e+00, 9.156116e+00, 6.589603e+00, 6.508029e+00
4.289289e+00, 9.199001e+00, 6.587235e+00, 6.507610e+00
4.299299e+00, 9.241987e+00, 6.584915e+00, 6.507210e+00
4.309309e+00, 9.285073e+00, 6.582640e+00, 6.506829e+00
4.319319e+00, 9.328260e+00, 6.580413e+00, 6.506466e+00
4.329329e+00, 9.371546e+00, 6.578230e+00, 6.506120e+00
4.339339e+00, 9.414933e+00, 6.576093e+00, 6.505790e+00
4.349349e+00, 9.458420e+00, 6.574000e+00, 6.505476e+00
4.359359e+00, 9.502007e+00, 6.571951e+00, 6.505177e+00
4.369369e+00, 9.545694e+00, 6.569945e+00, 6.504892e+00
4.379379e+00, 9.589482e+00, 6.567982e+00, 6.504622e+00
4.389389e+00, 9.633370e+00, 6.566061e+00, 6.504364e+00
4.399399e+00, 9.677358e+00, 6.564181e+00, 6.504119e+00
4.409409e+00, 9.721446e+00, 6.562343e+00, 6.503887e+00
4.419419e+00, 9.765634e+00, 6.560544e+00, 6.503666e+00
4.429429e+00, 9.809923e+00, 6.558786e+00, 6.503456e+00
4.439439e+00, 9.854311e+00, 6.557066e+00, 6.503257e+00
4.449449e+00, 9.898800e+00, 6.555384e+00, 6.503067e+00
4.459459e+00, 9.943389e+00, 6.553741e+00, 6.502888e+00
4.469469e+00, 9.988079e+00, 6.552134e+00, 6.502718e+00
4.479479e+00, 1.003287e+01, 6.550564e+00, 6.502557e+00
4.489489e+00, 1.007776e+01, 6.549030e+00, 6.502404e+00
4.499499e+00, 1.012275e+01, 6.547530e+00, 6.502259e+00
4.509510e+00, 1.016784e+01, 6.546066e+00, 6.502122e+00
4.519520e+00, 1.021303e+01, 6.544635e+00, 6.501992e+00
4.529530e+00, 1.025832e+01, 6.543237e+00, 6.501869e+00
4.539540e+00, 1.030371e+01, 6.541872e+00, 6.501753e+00
4.549550e+00, 1.034920e+01, 6.540539e+00, 6.501643e+00
4.559560e+00, 1.039479e+01, 6.539237e+00, 6.501540e+00
4.569570e+00, 1.044048e+01, 6.537966e+00, 6.501441e+00
4.579580e+00, 1.048627e+01, 6.536724e+00, 6.501349e+00
4.589590e+00, 1.053217e+01, 6.535512e+00, 6.501261e+00
4.599600e+00, 1.057816e+01, 6.534329e+00, 6.501178e+00
4.609610e+00, 1.062425e+01, 6.533174e+00, 6.501101e+00
4.619620e+00, 1.067044e+01, 6.532046e+00, 6.501027e+00
4.629630e+00, 1.071674e+01, 6.530945e+00, 6.500958e+00
4.639640e+00, 1.076313e+01, 6.529870e+00, 6.500892e+00
4.649650e+00, 1.080962e+01, 6.528821e+00, 6.500831e+00
4.659660e+00, 1.085621e+01, 6.527797e+00, 6.500773e+00
4.669670e+00, 1.090291e+01, 6.526796e+00, 6.500718e+00
4.679680e+00, 1.094970e+01, 6.525820e+00, 6.500667e+00
4.689690e+00, 1.099659e+01, 6.524866e+00, 6.500618e+00
4.699700e+00, 1.104359e+01, 6.523935e+00, 6.500573e+00
4.709710e+00, 1.109068e+01, 6.523026e+00, 6.500530e+00
4.719720e+00, 1.113788e+01, 6.522138e+00, 6.500490e+00
4.729730e+00, 1.118517e+01, 6.521270e+00, 6.500452e+00
4.739740e+00, 1.123257e+01, 6.520423e+00, 6.500417e+00
4.749750e+00, 1.128006e+01, 6.519595e+00, 6.500384e+00
4.759760e+00, 1.132766e+01, 6.518785e+00, 6.500353e+00
4.769770e+00, 1.137535e+01, 6.517994e+00, 6.500324e+00
4.779780e+00, 1.142315e+01, 6.517220e+00, 6.500297e+00
4.789790e+00, 1.147104e+01, 6.516464e+00, 6.500271e+00
4.799800e+00, 1.151904e+01, 6.515723e+00, 6.500247e+00
4.809810e+00, 1.156714e+01, 6.514999e+00, 6.500225e+00
4.819820e+00, 1.161533e+01, 6.514290e+00, 6.500204e+00
4.829830e+00, 1.166363e+01, 6.513595e+00, 6.500185e+00
4.839840e+00, 1.171202e+01, 6.512915e+00, 6.500167e+00
4.849850e+00, 1.176052e+01, 6.512248e+00, 6.500150e+00
4.859860e+00, 1.180912e+01, 6.511593e+00, 6.500134e+00
4.869870e+00, 1.185782e+01, 6.510952e+00, 6.500120e+00
4.879880e+00, 1.190661e+01, 6.510322e+00, 6.500107e+00
4.889890e+00, 1.195551e+01, 6.509703e+00, 6.500094e+00
4.899900e+00, 1.200451e+01, 6.509095e+00, 6.500083e+00
4.909910e+00, 1.205361e+01, 6.508496e+00, 6.500072e+00
4.919920e+00, 1.210281e+01, 6.507908e+00, 6.500063e+00
4.929930e+00, 1.215210e+01, 6.507328e+00, 6.500054e+00
4.939940e+00, 1.220150e+01, 6.506756e+00, 6.500046e+00
4.949950e+00, 1.225100e+01, 6.506192e+00, 6.500038e+00
4.959960e+00, 1.230060e+01, 6.505636e+00, 6.500032e+00
4.969970e+00, 1.235030e+01, 6.505086e+00, 6.500026e+00
4.979980e+00, 1.240010e+01, 6.504541e+00, 6.500021e+00
4.989990e+00, 1.245000e+01, 6.504003e+00, 6.500016e+00
5.000000e+00, 1.250000e+01, 6.503469e+00, 6.500012e+00
