# E = 0.5
# x, V(x), E + psi, E + |psi|^2
-2.000000e+00, 2.000000e+00, 6.457058e-01, 5.212302e-01
-1.995996e+00, 1.992000e+00, 6.462927e-01, 5.214016e-01
-1.991992e+00, 1.984016e+00, 6.468866e-01, 5.215757e-01
-1.987988e+00, 1.976048e+00, 6.474875e-01, 5.217526e-01
-1.983984e+00, 1.968096e+00, 6.480954e-01, 5.219323e-01
-1.979980e+00, 1.960160e+00, 6.487103e-01, 5.221147e-01
-1.975976e+00, 1.952241e+00, 6.493321e-01, 5.223001e-01
-1.971972e+00, 1.944337e+00, 6.499608e-01, 5.224883e-01
-1.967968e+00, 1.936449e+00, 6.505966e-01, 5.226793e-01
-1.963964e+00, 1.928577e+00, 6.512392e-01, 5.228733e-01
-1.959960e+00, 1.920722e+00, 6.518888e-01, 5.230702e-01
-1.955956e+00, 1.912882e+00, 6.525453e-01, 5.232701e-01
-1.951952e+00, 1.905058e+00, 6.532087e-01, 5.234729e-01
-1.947948e+00, 1.897251e+00, 6.538790e-01, 5.236787e-01
-1.943944e+00, 1.889459e+00, 6.545562e-01, 5.238876e-01
-1.939940e+00, 1.881683e+00, 6.552403e-01, 5.240995e-01
-1.935936e+00, 1.873924e+00, 6.559312e-01, 5.243145e-01
-1.931932e+00, 1.866180e+00, 6.566291e-01, 5.245327e-01
-1.927928e+00, 1.858453e+00, 6.573338e-01, 5.247539e-01
-1.923924e+00, 1.850742e+00, 6.580453e-01, 5.249783e-01
-1.919920e+00, 1.843046e+00, 6.587637e-01, 5.252059e-01
-1.915916e+00, 1.835367e+00, 6.594889e-01, 5.254367e-01
-1.911912e+00, 1.827704e+00, 6.602210e-01, 5.256708e-01
-1.907908e+00, 1.820056e+00, 6.609599e-01, 5.259081e-01
-1.903904e+00, 1.812425e+00, 6.617055e-01, 5.261487e-01
-1.899900e+00, 1.804810e+00, 6.624580e-01, 5.263926e-01
-1.895896e+00, 1.797211e+00, 6.632173e-01, 5.266399e-01
-1.891892e+00, 1.789627e+00, 6.639834e-01, 5.268906e-01
-1.887888e+00, 1.782060e+00, 6.647563e-01, 5.271446e-01
-1.883884e+00, 1.774509e+00, 6.655359e-01, 5.274021e-01
-1.879880e+00, 1.766974e+00, 6.663223e-01, 5.276631e-01
-1.875876e+00, 1.759455e+00, 6.671155e-01, 5.279276e-01
-1.871872e+00, 1.751952e+00, 6.679154e-01, 5.281956e-01
-1.867868e+00, 1.744465e+00, 6.687220e-01, 5.284671e-01
-1.863864e+00, 1.736994e+00, 6.695354e-01, 5.287423e-01
-1.859860e+00, 1.729539e+00, 6.703555e-01, 5.290210e-01
-1.855856e+00, 1.722100e+00, 6.711823e-01, 5.293034e-01
-1.851852e+00, 1.714678e+00, 6.720159e-01, 5.295895e-01
-1.847848e+00, 1.707271e+00, 6.728561e-01, 5.298792e-01
-1.843844e+00, 1.699880e+00, 6.737030e-01, 5.301727e-01
-1.839840e+00, 1.692505e+00, 6.745566e-01, 5.304700e-01
-1.835836e+00, 1.685147e+00, 6.754169e-01, 5.307711e-01
-1.831832e+00, 1.677804e+00, 6.762838e-01, 5.310760e-01
-1.827828e+00, 1.670477e+00, 6.771574e-01, 5.313847e-01
-1.823824e+00, 1.663167e+00, 6.780377e-01, 5.316974e-01
-1.819820e+00, 1.655872e+00, 6.789246e-01, 5.320140e-01
-1.815816e+00, 1.648594e+00, 6.798181e-01, 5.323345e-01
-1.811812e+00, 1.641331e+00, 6.807182e-01, 5.326591e-01
-1.807808e+00, 1.634085e+00, 6.816250e-01, 5.329876e-01
-1.803804e+00, 1.626854e+00, 6.825383e-01, 5.333202e-01
-1.799800e+00, 1.619640e+00, 6.834583e-01, 5.336569e-01
-1.795796e+00, 1.612441e+00, 6.843848e-01, 5.339978e-01
-1.791792e+00, 1.605259e+00, 6.853179e-01, 5.343427e-01
-1.787788e+00, 1.598093e+00, 6.862576e-01, 5.346919e-01
-1.783784e+00, 1.590942e+00, 6.872039e-01, 5.350453e-01
-1.779780e+00, 1.583808e+00, 6.881567e-01, 5.354029e-01
-1.775776e+00, 1.576690e+00, 6.891160e-01, 5.357649e-01
-1.771772e+00, 1.569588e+00, 6.900818e-01, 5.361311e-01
-1.767768e+00, 1.562501e+00, 6.910542e-01, 5.365017e-01
-1.763764e+00, 1.555431e+00, 6.920331e-01, 5.368767e-01
-1.759760e+00, 1.548377e+00, 6.930185e-01, 5.372561e-01
-1.755756e+00, 1.541339e+00, 6.940104e-01, 5.376400e-01
-1.751752e+00, 1.534317e+00, 6.950087e-01, 5.380284e-01
-1.747748e+00, 1.527311e+00, 6.960135e-01, 5.384213e-01
-1.743744e+00, 1.520321e+00, 6.970248e-01, 5.388188e-01
-1.739740e+00, 1.513347e+00, 6.980425e-01, 5.392208e-01
-1.735736e+00, 1.506389e+00, 6.990667e-01, 5.396275e-01
-1.731732e+00, 1.499447e+00, 7.000973e-01, 5.400389e-01
-1.727728e+00, 1.492522e+00, 7.011343e-01, 5.404550e-01
-1.723724e+00, 1.485612e+00, 7.021777e-01, 5.408758e-01
-1.719720e+00, 1.478718e+00, 7.032274e-01, 5.413014e-01
-1.715716e+00, 1.471840e+00, 7.042836e-01, 5.417318e-01
-1.711712e+00, 1.464978e+00, 7.053461e-01, 5.421670e-01
-1.707708e+00, 1.458133e+00, 7.064150e-01, 5.426072e-01
-1.703704e+00, 1.451303e+00, 7.074902e-01, 5.430522e-01
-1.699700e+00, 1.444490e+00, 7.085718e-01, 5.435022e-01
-1.695696e+00, 1.437692e+00, 7.096596e-01, 5.439572e-01
-1.691692e+00, 1.430910e+00, 7.107538e-01, 5.444172e-01
-1.687688e+00, 1.424145e+00, 7.118543e-01, 5.448822e-01
-1.683684e+00, 1.417395e+00, 7.129610e-01, 5.453524e-01
-1.679680e+00, 1.410662e+00, 7.140740e-01, 5.458277e-01
-1.675676e+00, 1.403944e+00, 7.151933e-01, 5.463081e-01
-1.671672e+00, 1.397243e+00, 7.163188e-01, 5.467938e-01
-1.667668e+00, 1.390558e+00, 7.174505e-01, 5.472847e-01
-1.663664e+00, 1.383888e+00, 7.185884e-01, 5.477809e-01
-1.659660e+00, 1.377235e+00, 7.197325e-01, 5.482824e-01
-1.655656e+00, 1.370598e+00, 7.208828e-01, 5.487892e-01
-1.651652e+00, 1.363977e+00, 7.220393e-01, 5.493014e-01
-1.647648e+00, 1.357371e+00, 7.232019e-01, 5.498191e-01
-1.643644e+00, 1.350782e+00, 7.243706e-01, 5.503422e-01
-1.639640e+00, 1.344209e+00, 7.255455e-01, 5.508708e-01
-1.635636e+00, 1.337652e+00, 7.267265e-01, 5.514049e-01
-1.631632e+00, 1.331111e+00, 7.279136e-01, 5.519446e-01
-1.627628e+00, 1.324586e+00, 7.291067e-01, 5.524899e-01
-1.623624e+00, 1.318077e+00, 7.303059e-01, 5.530408e-01
-1.619620e+00, 1.311584e+00, 7.315111e-01, 5.535974e-01
-1.615616e+00, 1.305107e+00, 7.327224e-01, 5.541597e-01
-1.611612e+00, 1.298646e+00, 7.339397e-01, 5.547278e-01
-1.607608e+00, 1.292201e+00, 7.351629e-01, 5.553016e-01
-1.603604e+00, 1.285772e+00, 7.363922e-01, 5.558813e-01
-1.599600e+00, 1.279359e+00, 7.376274e-01, 5.564668e-01
-1.595596e+00, 1.272963e+00, 7.388685e-01, 5.570582e-01
-1.591592e+00, 1.266582e+00, 7.401156e-01, 5.576555e-01
-1.587588e+00, 1.260217e+00, 7.413685e-01, 5.582588e-01
-1.583584e+00, 1.253868e+00, 7.426273e-01, 5.588680e-01
-1.579580e+00, 1.247536e+00, 7.438920e-01, 5.594833e-01
-1.575576e+00, 1.241219e+00, 7.451626e-01, 5.601047e-01
-1.571572e+00, 1.234919e+00, 7.464390e-01, 5.607322e-01
-1.567568e+00, 1.228634e+00, 7.477211e-01, 5.613658e-01
-1.563564e+00, 1.222366e+00, 7.490091e-01, 5.620055e-01
-1.559560e+00, 1.216113e+00, 7.503028e-01, 5.626515e-01
-1.555556e+00, 1.209877e+00, 7.516023e-01, 5.633037e-01
-1.551552e+00, 1.203656e+00, 7.529075e-01, 5.639622e-01
-1.547548e+00, 1.197452e+00, 7.542184e-01, 5.646270e-01
-1.543544e+00, 1.191263e+00, 7.555351e-01, 5.652982e-01
-1.539540e+00, 1.185091e+00, 7.568573e-01, 5.659757e-01
-1.535536e+00, 1.178935e+00, 7.581852e-01, 5.666596e-01
-1.531532e+00, 1.172794e+00, 7.595187e-01, 5.673500e-01
-1.527528e+00, 1.166670e+00, 7.608579e-01, 5.680468e-01
-1.523524e+00, 1.160562e+00, 7.622026e-01, 5.687502e-01
-1.519520e+00, 1.154470e+00, 7.635528e-01, 5.694601e-01
-1.515516e+00, 1.148394e+00, 7.649086e-01, 5.701766e-01
-1.511512e+00, 1.142334e+00, 7.662699e-01, 5.708997e-01
-1.507508e+00, 1.136289e+00, 7.676367e-01, 5.716294e-01
-1.503504e+00, 1.130261e+00, 7.690089e-01, 5.723658e-01
-1.499499e+00, 1.124249e+00, 7.703866e-01, 5.731089e-01
-1.495495e+00, 1.118253e+00, 7.717697e-01, 5.738588e-01
-1.491491e+00, 1.112273e+00, 7.731582e-01, 5.746154e-01
-1.487487e+00, 1.106310e+00, 7.745520e-01, 5.753788e-01
-1.483483e+00, 1.100362e+00, 7.759512e-01, 5.761490e-01
-1.479479e+00, 1.094430e+00, 7.773557e-01, 5.769262e-01
-1.475475e+00, 1.088514e+00, 7.787654e-01, 5.777102e-01
-1.471471e+00, 1.082614e+00, 7.801805e-01, 5.785011e-01
-1.467467e+00, 1.076730e+00, 7.816007e-01, 5.792990e-01
-1.463463e+00, 1.070863e+00, 7.830262e-01, 5.801038e-01
-1.459459e+00, 1.065011e+00, 7.844569e-01, 5.809157e-01
-1.455455e+00, 1.059175e+00, 7.858927e-01, 5.817346e-01
-1.451451e+00, 1.053356e+00, 7.873336e-01, 5.825606e-01
-1.447447e+00, 1.047552e+00, 7.887796e-01, 5.833937e-01
-1.443443e+00, 1.041764e+00, 7.902307e-01, 5.842339e-01
-1.439439e+00, 1.035993e+00, 7.916869e-01, 5.850812e-01
-1.435435e+00, 1.030237e+00, 7.931480e-01, 5.859358e-01
-1.431431e+00, 1.024498e+00, 7.946142e-01, 5.867975e-01
-1.427427e+00, 1.018775e+00, 7.960853e-01, 5.876665e-01
-1.423423e+00, 1.013067e+00, 7.975613e-01, 5.885427e-01
-1.419419e+00, 1.007376e+00, 7.990422e-01, 5.894262e-01
-1.415415e+00, 1.001700e+00, 8.005280e-01, 5.903171e-01
-1.411411e+00, 9.960411e-01, 8.020186e-01, 5.912152e-01
-1.407407e+00, 9.903978e-01, 8.035140e-01, 5.921208e-01
-1.403403e+00, 9.847706e-01, 8.050142e-01, 5.930337e-01
-1.399399e+00, 9.791593e-01, 8.065191e-01, 5.939540e-01
-1.395395e+00, 9.735642e-01, 8.080288e-01, 5.948817e-01
-1.391391e+00, 9.679850e-01, 8.095431e-01, 5.958169e-01
-1.387387e+00, 9.624219e-01, 8.110621e-01, 5.967596e-01
-1.383383e+00, 9.568748e-01, 8.125856e-01, 5.977098e-01
-1.379379e+00, 9.513437e-01, 8.141138e-01, 5.986675e-01
-1.375375e+00, 9.458287e-01, 8.156465e-01, 5.996327e-01
-1.371371e+00, 9.403297e-01, 8.171837e-01, 6.006055e-01
-1.367367e+00, 9.348468e-01, 8.187254e-01, 6.015859e-01
-1.363363e+00, 9.293798e-01, 8.202715e-01, 6.025738e-01
-1.359359e+00, 9.239289e-01, 8.218221e-01, 6.035694e-01
-1.355355e+00, 9.184941e-01, 8.233770e-01, 6.045727e-01
-1.351351e+00, 9.130752e-01, 8.249362e-01, 6.055836e-01
-1.347347e+00, 9.076724e-01, 8.264998e-01, 6.066021e-01
-1.343343e+00, 9.022857e-01, 8.280676e-01, 6.076284e-01
-1.339339e+00, 8.969149e-01, 8.296397e-01, 6.086623e-01
-1.335335e+00, 8.915602e-01, 8.312159e-01, 6.097040e-01
-1.331331e+00, 8.862216e-01, 8.327964e-01, 6.107534e-01
-1.327327e+00, 8.808989e-01, 8.343809e-01, 6.118106e-01
-1.323323e+00, 8.755923e-01, 8.359695e-01, 6.128755e-01
-1.319319e+00, 8.703017e-01, 8.375622e-01, 6.139482e-01
-1.315315e+00, 8.650272e-01, 8.391589e-01, 6.150287e-01
-1.311311e+00, 8.597687e-01, 8.407595e-01, 6.161170e-01
-1.307307e+00, 8.545262e-01, 8.423641e-01, 6.172132e-01
-1.303303e+00, 8.492998e-01, 8.439725e-01, 6.183171e-01
-1.299299e+00, 8.440893e-01, 8.455849e-01, 6.194289e-01
-1.295295e+00, 8.388950e-01, 8.472010e-01, 6.205485e-01
-1.291291e+00, 8.337166e-01, 8.488209e-01, 6.216760e-01
-1.287287e+00, 8.285543e-01, 8.504445e-01, 6.228114e-01
-1.283283e+00, 8.234080e-01, 8.520719e-01, 6.239546e-01
-1.279279e+00, 8.182777e-01, 8.537028e-01, 6.251057e-01
-1.275275e+00, 8.131635e-01, 8.553374e-01, 6.262647e-01
-1.271271e+00, 8.080653e-01, 8.569756e-01, 6.274316e-01
-1.267267e+00, 8.029832e-01, 8.586173e-01, 6.286063e-01
-1.263263e+00, 7.979170e-01, 8.602624e-01, 6.297890e-01
-1.259259e+00, 7.928669e-01, 8.619110e-01, 6.309796e-01
-1.255255e+00, 7.878329e-01, 8.635630e-01, 6.321781e-01
-1.251251e+00, 7.828148e-01, 8.652184e-01, 6.333845e-01
-1.247247e+00, 7.778128e-01, 8.668771e-01, 6.345988e-01
-1.243243e+00, 7.728269e-01, 8.685390e-01, 6.358210e-01
-1.239239e+00, 7.678569e-01, 8.702042e-01, 6.370511e-01
-1.235235e+00, 7.629030e-01, 8.718725e-01, 6.382892e-01
-1.231231e+00, 7.579652e-01, 8.735440e-01, 6.395351e-01
-1.227227e+00, 7.530433e-01, 8.752186e-01, 6.407890e-01
-1.223223e+00, 7.481375e-01, 8.768962e-01, 6.420507e-01
-1.219219e+00, 7.432478e-01, 8.785768e-01, 6.433204e-01
-1.215215e+00, 7.383740e-01, 8.802604e-01, 6.445979e-01
-1.211211e+00, 7.335163e-01, 8.819468e-01, 6.458834e-01
-1.207207e+00, 7.286746e-01, 8.836362e-01, 6.471767e-01
-1.203203e+00, 7.238490e-01, 8.853283e-01, 6.484779e-01
-1.199199e+00, 7.190394e-01, 8.870232e-01, 6.497870e-01
-1.195195e+00, 7.142458e-01, 8.887209e-01, 6.511039e-01
-1.191191e+00, 7.094682e-01, 8.904211e-01, 6.524287e-01
-1.187187e+00, 7.047067e-01, 8.921241e-01, 6.537613e-01
-1.183183e+00, 6.999612e-01, 8.938296e-01, 6.551017e-01
-1.179179e+00, 6.952318e-01, 8.955376e-01, 6.564500e-01
-1.175175e+00, 6.905183e-01, 8.972481e-01, 6.578060e-01
-1.171171e+00, 6.858210e-01, 8.989610e-01, 6.591699e-01
-1.167167e+00, 6.811396e-01, 9.006763e-01, 6.605415e-01
-1.163163e+00, 6.764743e-01, 9.023939e-01, 6.619209e-01
-1.159159e+00, 6.718250e-01, 9.041138e-01, 6.633080e-01
-1.155155e+00, 6.671917e-01, 9.058360e-01, 6.647028e-01
-1.151151e+00, 6.625745e-01, 9.075603e-01, 6.661054e-01
-1.147147e+00, 6.579733e-01, 9.092867e-01, 6.675156e-01
-1.143143e+00, 6.533881e-01, 9.110152e-01, 6.689335e-01
-1.139139e+00, 6.488190e-01, 9.127457e-01, 6.703590e-01
-1.135135e+00, 6.442659e-01, 9.144782e-01, 6.717922e-01
-1.131131e+00, 6.397288e-01, 9.162126e-01, 6.732330e-01
-1.127127e+00, 6.352078e-01, 9.179489e-01, 6.746813e-01
-1.123123e+00, 6.307028e-01, 9.196870e-01, 6.761372e-01
-1.119119e+00, 6.262138e-01, 9.214268e-01, 6.776006e-01
-1.115115e+00, 6.217409e-01, 9.231684e-01, 6.790715e-01
-1.111111e+00, 6.172840e-01, 9.249116e-01, 6.805499e-01
-1.107107e+00, 6.128431e-01, 9.266564e-01, 6.820357e-01
-1.103103e+00, 6.084182e-01, 9.284027e-01, 6.835289e-01
-1.099099e+00, 6.040094e-01, 9.301506e-01, 6.850295e-01
-1.095095e+00, 5.996166e-01, 9.318998e-01, 6.865375e-01
-1.091091e+00, 5.952399e-01, 9.336505e-01, 6.880528e-01
-1.087087e+00, 5.908792e-01, 9.354025e-01, 6.895753e-01
-1.083083e+00, 5.865345e-01, 9.371557e-01, 6.911051e-01
-1.079079e+00, 5.822058e-01, 9.389102e-01, 6.926421e-01
-1.075075e+00, 5.778932e-01, 9.406658e-01, 6.941863e-01
-1.071071e+00, 5.735966e-01, 9.424225e-01, 6.957377e-01
-1.067067e+00, 5.693161e-01, 9.441802e-01, 6.972961e-01
-1.063063e+00, 5.650515e-01, 9.459390e-01, 6.988616e-01
-1.059059e+00, 5.608030e-01, 9.476987e-01, 7.004341e-01
-1.055055e+00, 5.565706e-01, 9.494592e-01, 7.020136e-01
-1.051051e+00, 5.523542e-01, 9.512206e-01, 7.036000e-01
-1.047047e+00, 5.481538e-01, 9.529827e-01, 7.051933e-01
-1.043043e+00, 5.439694e-01, 9.547455e-01, 7.067935e-01
-1.039039e+00, 5.398011e-01, 9.565090e-01, 7.084004e-01
-1.035035e+00, 5.356488e-01, 9.582730e-01, 7.100141e-01
-1.031031e+00, 5.315125e-01, 9.600376e-01, 7.116346e-01
-1.027027e+00, 5.273923e-01, 9.618026e-01, 7.132616e-01
-1.023023e+00, 5.232881e-01, 9.635680e-01, 7.148953e-01
-1.019019e+00, 5.191999e-01, 9.653338e-01, 7.165356e-01
-1.015015e+00, 5.151277e-01, 9.670999e-01, 7.181823e-01
-1.011011e+00, 5.110716e-01, 9.688662e-01, 7.198355e-01
-1.007007e+00, 5.070316e-01, 9.706326e-01, 7.214951e-01
-1.003003e+00, 5.030075e-01, 9.723992e-01, 7.231610e-01
-9.989990e-01, 4.989995e-01, 9.741658e-01, 7.248332e-01
-9.949950e-01, 4.950075e-01, 9.759324e-01, 7.265117e-01
-9.909910e-01, 4.910316e-01, 9.776989e-01, 7.281963e-01
-9.869870e-01, 4.870717e-01, 9.794653e-01, 7.298870e-01
-9.829830e-01, 4.831278e-01, 9.812315e-01, 7.315838e-01
-9.789790e-01, 4.791999e-01, 9.829974e-01, 7.332865e-01
-9.749750e-01, 4.752881e-01, 9.847630e-01, 7.349952e-01
-9.709710e-01, 4.713923e-01, 9.865283e-01, 7.367098e-01
-9.669670e-01, 4.675126e-01, 9.882930e-01, 7.384301e-01
-9.629630e-01, 4.636488e-01, 9.900573e-01, 7.401562e-01
-9.589590e-01, 4.598011e-01, 9.918210e-01, 7.418879e-01
-9.549550e-01, 4.559695e-01, 9.935841e-01, 7.436252e-01
-9.509510e-01, 4.521539e-01, 9.953464e-01, 7.453681e-01
-9.469469e-01, 4.483543e-01, 9.971080e-01, 7.471164e-01
-9.429429e-01, 4.445707e-01, 9.988688e-01, 7.488701e-01
-9.389389e-01, 4.408032e-01, 1.000629e+00, 7.506291e-01
-9.349349e-01, 4.370517e-01, 1.002388e+00, 7.523933e-01
-9.309309e-01, 4.333162e-01, 1.004146e+00, 7.541627e-01
-9.269269e-01, 4.295968e-01, 1.005902e+00, 7.559373e-01
-9.229229e-01, 4.258934e-01, 1.007658e+00, 7.577168e-01
-9.189189e-01, 4.222060e-01, 1.009413e+00, 7.595012e-01
-9.149149e-01, 4.185347e-01, 1.011166e+00, 7.612905e-01
-9.109109e-01, 4.148793e-01, 1.012918e+00, 7.630846e-01
-9.069069e-01, 4.112401e-01, 1.014668e+00, 7.648834e-01
-9.029029e-01, 4.076168e-01, 1.016417e+00, 7.666868e-01
-8.988989e-01, 4.040096e-01, 1.018165e+00, 7.684947e-01
-8.948949e-01, 4.004184e-01, 1.019911e+00, 7.703071e-01
-8.908909e-01, 3.968433e-01, 1.021655e+00, 7.721239e-01
-8.868869e-01, 3.932842e-01, 1.023397e+00, 7.739449e-01
-8.828829e-01, 3.897411e-01, 1.025138e+00, 7.757701e-01
-8.788789e-01, 3.862140e-01, 1.026877e+00, 7.775994e-01
-8.748749e-01, 3.827030e-01, 1.028614e+00, 7.794328e-01
-8.708709e-01, 3.792080e-01, 1.030349e+00, 7.812700e-01
-8.668669e-01, 3.757291e-01, 1.032082e+00, 7.831111e-01
-8.628629e-01, 3.722662e-01, 1.033813e+00, 7.849560e-01
-8.588589e-01, 3.688193e-01, 1.035541e+00, 7.868045e-01
-8.548549e-01, 3.653884e-01, 1.037268e+00, 7.886565e-01
-8.508509e-01, 3.619736e-01, 1.038992e+00, 7.905120e-01
-8.468468e-01, 3.585748e-01, 1.040713e+00, 7.923709e-01
-8.428428e-01, 3.551920e-01, 1.042432e+00, 7.942330e-01
-8.388388e-01, 3.518253e-01, 1.044149e+00, 7.960983e-01
-8.348348e-01, 3.484746e-01, 1.045863e+00, 7.979667e-01
-8.308308e-01, 3.451399e-01, 1.047575e+00, 7.998380e-01
-8.268268e-01, 3.418213e-01, 1.049283e+00, 8.017123e-01
-8.228228e-01, 3.385187e-01, 1.050989e+00, 8.035893e-01
-8.188188e-01, 3.352321e-01, 1.052692e+00, 8.054689e-01
-8.148148e-01, 3.319616e-01, 1.054393e+00, 8.073511e-01
-8.108108e-01, 3.287071e-01, 1.056090e+00, 8.092358e-01
-8.068068e-01, 3.254686e-01, 1.057784e+00, 8.111229e-01
-8.028028e-01, 3.222462e-01, 1.059475e+00, 8.130121e-01
-7.987988e-01, 3.190398e-01, 1.061163e+00, 8.149036e-01
-7.947948e-01, 3.158494e-01, 1.062847e+00, 8.167970e-01
-7.907908e-01, 3.126750e-01, 1.064528e+00, 8.186924e-01
-7.867868e-01, 3.095167e-01, 1.066206e+00, 8.205896e-01
-7.827828e-01, 3.063744e-01, 1.067881e+00, 8.224885e-01
-7.787788e-01, 3.032482e-01, 1.069552e+00, 8.243890e-01
-7.747748e-01, 3.001380e-01, 1.071219e+00, 8.262909e-01
-7.707708e-01, 2.970438e-01, 1.072882e+00, 8.281942e-01
-7.667668e-01, 2.939656e-01, 1.074542e+00, 8.300988e-01
-7.627628e-01, 2.909035e-01, 1.076198e+00, 8.320045e-01
-7.587588e-01, 2.878574e-01, 1.077851e+00, 8.339113e-01
-7.547548e-01, 2.848274e-01, 1.079499e+00, 8.358189e-01
-7.507508e-01, 2.818133e-01, 1.081143e+00, 8.377273e-01
-7.467467e-01, 2.788154e-01, 1.082783e+00, 8.396364e-01
-7.427427e-01, 2.758334e-01, 1.084419e+00, 8.415461e-01
-7.387387e-01, 2.728675e-01, 1.086051e+00, 8.434562e-01
-7.347347e-01, 2.699176e-01, 1.087679e+00, 8.453665e-01
-7.307307e-01, 2.669837e-01, 1.089302e+00, 8.472771e-01
-7.267267e-01, 2.640659e-01, 1.090921e+00, 8.491877e-01
-7.227227e-01, 2.611641e-01, 1.092536e+00, 8.510983e-01
-7.187187e-01, 2.582783e-01, 1.094145e+00, 8.530087e-01
-7.147147e-01, 2.554086e-01, 1.095751e+00, 8.549188e-01
-7.107107e-01, 2.525549e-01, 1.097351e+00, 8.568285e-01
-7.067067e-01, 2.497172e-01, 1.098947e+00, 8.587376e-01
-7.027027e-01, 2.468955e-01, 1.100538e+00, 8.606461e-01
-6.986987e-01, 2.440899e-01, 1.102124e+00, 8.625537e-01
-6.946947e-01, 2.413004e-01, 1.103706e+00, 8.644604e-01
-6.906907e-01, 2.385268e-01, 1.105282e+00, 8.663660e-01
-6.866867e-01, 2.357693e-01, 1.106853e+00, 8.682705e-01
-6.826827e-01, 2.330278e-01, 1.108419e+00, 8.701736e-01
-6.786787e-01, 2.303024e-01, 1.109980e+00, 8.720753e-01
-6.746747e-01, 2.275930e-01, 1.111535e+00, 8.739754e-01
-6.706707e-01, 2.248996e-01, 1.113085e+00, 8.758738e-01
-6.666667e-01, 2.222222e-01, 1.114630e+00, 8.777703e-01
-6.626627e-01, 2.195609e-01, 1.116170e+00, 8.796649e-01
-6.586587e-01, 2.169156e-01, 1.117703e+00, 8.815574e-01
-6.546547e-01, 2.142864e-01, 1.119231e+00, 8.834476e-01
-6.506507e-01, 2.116731e-01, 1.120754e+00, 8.853354e-01
-6.466466e-01, 2.090759e-01, 1.122271e+00, 8.872208e-01
-6.426426e-01, 2.064948e-01, 1.123782e+00, 8.891035e-01
-6.386386e-01, 2.039297e-01, 1.125287e+00, 8.909834e-01
-6.346346e-01, 2.013806e-01, 1.126786e+00, 8.928605e-01
-6.306306e-01, 1.988475e-01, 1.128279e+00, 8.947344e-01
-6.266266e-01, 1.963305e-01, 1.129766e+00, 8.966052e-01
-6.226226e-01, 1.938295e-01, 1.131247e+00, 8.984727e-01
-6.186186e-01, 1.913445e-01, 1.132722e+00, 9.003367e-01
-6.146146e-01, 1.888756e-01, 1.134190e+00, 9.021972e-01
-6.106106e-01, 1.864227e-01, 1.135652e+00, 9.040538e-01
-6.066066e-01, 1.839858e-01, 1.137108e+00, 9.059067e-01
-6.026026e-01, 1.815649e-01, 1.138557e+00, 9.077555e-01
-5.985986e-01, 1.791601e-01, 1.140000e+00, 9.096002e-01
-5.945946e-01, 1.767714e-01, 1.141436e+00, 9.114406e-01
-5.905906e-01, 1.743986e-01, 1.142866e+00, 9.132765e-01
-5.865866e-01, 1.720419e-01, 1.144289e+00, 9.151080e-01
-5.825826e-01, 1.697012e-01, 1.145705e+00, 9.169347e-01
-5.785786e-01, 1.673766e-01, 1.147114e+00, 9.187565e-01
-5.745746e-01, 1.650680e-01, 1.148516e+00, 9.205734e-01
-5.705706e-01, 1.627754e-01, 1.149912e+00, 9.223852e-01
-5.665666e-01, 1.604988e-01, 1.151300e+00, 9.241917e-01
-5.625626e-01, 1.582383e-01, 1.152681e+00, 9.259928e-01
-5.585586e-01, 1.559938e-01, 1.154055e+00, 9.277884e-01
-5.545546e-01, 1.537654e-01, 1.155422e+00, 9.295783e-01
-5.505506e-01, 1.515530e-01, 1.156782e+00, 9.313623e-01
-5.465465e-01, 1.493566e-01, 1.158134e+00, 9.331405e-01
-5.425425e-01, 1.471762e-01, 1.159479e+00, 9.349125e-01
-5.385385e-01, 1.450119e-01, 1.160816e+00, 9.366782e-01
-5.345345e-01, 1.428636e-01, 1.162146e+00, 9.384376e-01
-5.305305e-01, 1.407313e-01, 1.163469e+00, 9.401905e-01
-5.265265e-01, 1.386151e-01, 1.164783e+00, 9.419366e-01
-5.225225e-01, 1.365149e-01, 1.166090e+00, 9.436760e-01
-5.185185e-01, 1.344307e-01, 1.167389e+00, 9.454085e-01
-5.145145e-01, 1.323626e-01, 1.168681e+00, 9.471338e-01
-5.105105e-01, 1.303105e-01, 1.169964e+00, 9.488519e-01
-5.065065e-01, 1.282744e-01, 1.171240e+00, 9.505627e-01
-5.025025e-01, 1.262544e-01, 1.172507e+00, 9.522659e-01
-4.984985e-01, 1.242504e-01, 1.173767e+00, 9.539616e-01
-4.944945e-01, 1.222624e-01, 1.175018e+00, 9.556494e-01
-4.904905e-01, 1.202905e-01, 1.176261e+00, 9.573293e-01
-4.864865e-01, 1.183346e-01, 1.177496e+00, 9.590011e-01
-4.824825e-01, 1.163947e-01, 1.178723e+00, 9.606647e-01
-4.784785e-01, 1.144708e-01, 1.179941e+00, 9.623200e-01
-4.744745e-01, 1.125630e-01, 1.181151e+00, 9.639668e-01
-4.704705e-01, 1.106712e-01, 1.182353e+00, 9.656050e-01
-4.664665e-01, 1.087955e-01, 1.183545e+00, 9.672344e-01
-4.624625e-01, 1.069358e-01, 1.184730e+00, 9.688549e-01
-4.584585e-01, 1.050921e-01, 1.185906e+00, 9.704664e-01
-4.544545e-01, 1.032644e-01, 1.187073e+00, 9.720687e-01
-4.504505e-01, 1.014528e-01, 1.188231e+00, 9.736617e-01
-4.464464e-01, 9.965721e-02, 1.189380e+00, 9.752453e-01
-4.424424e-01, 9.787766e-02, 1.190521e+00, 9.768193e-01
-4.384384e-01, 9.611413e-02, 1.191653e+00, 9.783836e-01
-4.344344e-01, 9.436664e-02, 1.192776e+00, 9.799380e-01
-4.304304e-01, 9.263518e-02, 1.193889e+00, 9.814824e-01
-4.264264e-01, 9.091975e-02, 1.194994e+00, 9.830168e-01
-4.224224e-01, 8.922035e-02, 1.196090e+00, 9.845408e-01
-4.184184e-01, 8.753699e-02, 1.197176e+00, 9.860545e-01
-4.144144e-01, 8.586965e-02, 1.198253e+00, 9.875577e-01
-4.104104e-01, 8.421835e-02, 1.199321e+00, 9.890502e-01
-4.064064e-01, 8.258308e-02, 1.200380e+00, 9.905320e-01
-4.024024e-01, 8.096385e-02, 1.201429e+00, 9.920028e-01
-3.983984e-01, 7.936064e-02, 1.202469e+00, 9.934626e-01
-3.943944e-01, 7.777347e-02, 1.203499e+00, 9.949113e-01
-3.903904e-01, 7.620233e-02, 1.204520e+00, 9.963486e-01
-3.863864e-01, 7.464722e-02, 1.205531e+00, 9.977745e-01
-3.823824e-01, 7.310814e-02, 1.206533e+00, 9.991889e-01
-3.783784e-01, 7.158510e-02, 1.207525e+00, 1.000592e+00
-3.743744e-01, 7.007809e-02, 1.208507e+00, 1.001982e+00
-3.703704e-01, 6.858711e-02, 1.209480e+00, 1.003361e+00
-3.663664e-01, 6.711216e-02, 1.210442e+00, 1.004728e+00
-3.623624e-01, 6.565324e-02, 1.211395e+00, 1.006083e+00
-3.583584e-01, 6.421036e-02, 1.212338e+00, 1.007425e+00
-3.543544e-01, 6.278350e-02, 1.213271e+00, 1.008755e+00
-3.503504e-01, 6.137268e-02, 1.214194e+00, 1.010073e+00
-3.463463e-01, 5.997790e-02, 1.215107e+00, 1.011378e+00
-3.423423e-01, 5.859914e-02, 1.216010e+00, 1.012670e+00
-3.383383e-01, 5.723642e-02, 1.216902e+00, 1.013949e+00
-3.343343e-01, 5.588972e-02, 1.217785e+00, 1.015215e+00
-3.303303e-01, 5.455906e-02, 1.218657e+00, 1.016468e+00
-3.263263e-01, 5.324444e-02, 1.219519e+00, 1.017708e+00
-3.223223e-01, 5.194584e-02, 1.220371e+00, 1.018934e+00
-3.183183e-01, 5.066328e-02, 1.221212e+00, 1.020147e+00
-3.143143e-01, 4.939674e-02, 1.222043e+00, 1.021346e+00
-3.103103e-01, 4.814624e-02, 1.222864e+00, 1.022532e+00
-3.063063e-01, 4.691178e-02, 1.223674e+00, 1.023703e+00
-3.023023e-01, 4.569334e-02, 1.224473e+00, 1.024861e+00
-2.982983e-01, 4.449094e-02, 1.225262e+00, 1.026005e+00
-2.942943e-01, 4.330457e-02, 1.226041e+00, 1.027135e+00
-2.902903e-01, 4.213423e-02, 1.226808e+00, 1.028250e+00
-2.862863e-01, 4.097992e-02, 1.227565e+00, 1.029351e+00
-2.822823e-01, 3.984164e-02, 1.228312e+00, 1.030438e+00
-2.782783e-01, 3.871940e-02, 1.229047e+00, 1.031510e+00
-2.742743e-01, 3.761319e-02, 1.229772e+00, 1.032568e+00
-2.702703e-01, 3.652301e-02, 1.230486e+00, 1.033610e+00
-2.662663e-01, 3.544886e-02, 1.231189e+00, 1.034638e+00
-2.622623e-01, 3.439075e-02, 1.231882e+00, 1.035651e+00
-2.582583e-01, 3.334866e-02, 1.232563e+00, 1.036649e+00
-2.542543e-01, 3.232261e-02, 1.233234e+00, 1.037631e+00
-2.502503e-01, 3.131259e-02, 1.233893e+00, 1.038599e+00
-2.462462e-01, 3.031861e-02, 1.234541e+00, 1.039551e+00
-2.422422e-01, 2.934065e-02, 1.235179e+00, 1.040488e+00
-2.382382e-01, 2.837873e-02, 1.235805e+00, 1.041409e+00
-2.342342e-01, 2.743284e-02, 1.236420e+00, 1.042314e+00
-2.302302e-01, 2.650298e-02, 1.237024e+00, 1.043204e+00
-2.262262e-01, 2.558915e-02, 1.237617e+00, 1.044078e+00
-2.222222e-01, 2.469136e-02, 1.238198e+00, 1.044936e+00
-2.182182e-01, 2.380960e-02, 1.238768e+00, 1.045779e+00
-2.142142e-01, 2.294386e-02, 1.239327e+00, 1.046605e+00
-2.102102e-01, 2.209417e-02, 1.239875e+00, 1.047415e+00
-2.062062e-01, 2.126050e-02, 1.240411e+00, 1.048209e+00
-2.022022e-01, 2.044287e-02, 1.240936e+00, 1.048987e+00
-1.981982e-01, 1.964126e-02, 1.241450e+00, 1.049748e+00
-1.941942e-01, 1.885569e-02, 1.241952e+00, 1.050493e+00
-1.901902e-01, 1.808615e-02, 1.242443e+00, 1.051221e+00
-1.861862e-01, 1.733265e-02, 1.242922e+00, 1.051933e+00
-1.821822e-01, 1.659517e-02, 1.243390e+00, 1.052629e+00
-1.781782e-01, 1.587373e-02, 1.243846e+00, 1.053307e+00
-1.741742e-01, 1.516832e-02, 1.244291e+00, 1.053969e+00
-1.701702e-01, 1.447894e-02, 1.244724e+00, 1.054614e+00
-1.661662e-01, 1.380560e-02, 1.245145e+00, 1.055242e+00
-1.621622e-01, 1.314828e-02, 1.245555e+00, 1.055853e+00
-1.581582e-01, 1.250700e-02, 1.245954e+00, 1.056447e+00
-1.541542e-01, 1.188175e-02, 1.246340e+00, 1.057024e+00
-1.501502e-01, 1.127253e-02, 1.246715e+00, 1.057583e+00
-1.461461e-01, 1.067935e-02, 1.247078e+00, 1.058126e+00
-1.421421e-01, 1.010219e-02, 1.247430e+00, 1.058651e+00
-1.381381e-01, 9.541073e-03, 1.247770e+00, 1.059159e+00
-1.341341e-01, 8.995983e-03, 1.248098e+00, 1.059650e+00
-1.301301e-01, 8.466925e-03, 1.248414e+00, 1.060123e+00
-1.261261e-01, 7.953900e-03, 1.248718e+00, 1.060579e+00
-1.221221e-01, 7.456906e-03, 1.249011e+00, 1.061017e+00
-1.181181e-01, 6.975945e-03, 1.249292e+00, 1.061438e+00
-1.141141e-01, 6.511016e-03, 1.249561e+00, 1.061841e+00
-1.101101e-01, 6.062118e-03, 1.249818e+00, 1.062227e+00
-1.061061e-01, 5.629253e-03, 1.250063e+00, 1.062594e+00
-1.021021e-01, 5.212420e-03, 1.250296e+00, 1.062944e+00
-9.809810e-02, 4.811618e-03, 1.250518e+00, 1.063277e+00
-9.409409e-02, 4.426849e-03, 1.250727e+00, 1.063591e+00
-9.009009e-02, 4.058112e-03, 1.250925e+00, 1.063888e+00
-8.608609e-02, 3.705407e-03, 1.251110e+00, 1.064167e+00
-8.208208e-02, 3.368734e-03, 1.251284e+00, 1.064428e+00
-7.807808e-02, 3.048093e-03, 1.251446e+00, 1.064671e+00
-7.407407e-02, 2.743484e-03, 1.251595e+00, 1.064896e+00
-7.007007e-02, 2.454907e-03, 1.251733e+00, 1.065103e+00
-6.606607e-02, 2.182363e-03, 1.251859e+00, 1.065292e+00
-6.206206e-02, 1.925850e-03, 1.251973e+00, 1.065463e+00
-5.805806e-02, 1.685369e-03, 1.252074e+00, 1.065616e+00
-5.405405e-02, 1.460920e-03, 1.252164e+00, 1.065751e+00
-5.005005e-02, 1.252504e-03, 1.252242e+00, 1.065868e+00
-4.604605e-02, 1.060119e-03, 1.252308e+00, 1.065967e+00
-4.204204e-02, 8.837666e-04, 1.252361e+00, 1.066047e+00
-3.803804e-02, 7.234462e-04, 1.252403e+00, 1.066110e+00
-3.403403e-02, 5.791577e-04, 1.252432e+00, 1.066154e+00
-3.003003e-02, 4.509014e-04, 1.252450e+00, 1.066181e+00
-2.602603e-02, 3.386770e-04, 1.252455e+00, 1.066189e+00
-2.202202e-02, 2.424847e-04, 1.252449e+00, 1.066179e+00
-1.801802e-02, 1.623245e-04, 1.252430e+00, 1.066151e+00
-1.401401e-02, 9.819629e-05, 1.252399e+00, 1.066105e+00
-1.001001e-02, 5.010015e-05, 1.252357e+00, 1.066040e+00
-6.006006e-03, 1.803605e-05, 1.252302e+00, 1.065958e+00
-2.002002e-03, 2.004006e-06, 1.252235e+00, 1.065857e+00
2.002002e-03, 2.004006e-06, 1.252156e+00, 1.065739e+00
6.006006e-03, 1.803605e-05, 1.252065e+00, 1.065602e+00
1.001001e-02, 5.010015e-05, 1.251962e+00, 1.065447e+00
1.401401e-02, 9.819629e-05, 1.251847e+00, 1.065273e+00
1.801802e-02, 1.623245e-04, 1.251720e+00, 1.065082e+00
2.202202e-02, 2.424847e-04, 1.251580e+00, 1.064873e+00
2.602603e-02, 3.386770e-04, 1.251429e+00, 1.064646e+00
3.003003e-02, 4.509014e-04, 1.251266e+00, 1.064400e+00
3.403403e-02, 5.791577e-04, 1.251090e+00, 1.064137e+00
3.803804e-02, 7.234462e-04, 1.250903e+00, 1.063855e+00
4.204204e-02, 8.837666e-04, 1.250704e+00, 1.063556e+00
4.604605e-02, 1.060119e-03, 1.250492e+00, 1.063239e+00
5.005005e-02, 1.252504e-03, 1.250269e+00, 1.062903e+00
5.405405e-02, 1.460920e-03, 1.250033e+00, 1.062550e+00
5.805806e-02, 1.685369e-03, 1.249786e+00, 1.062179e+00
6.206206e-02, 1.925850e-03, 1.249527e+00, 1.061790e+00
6.606607e-02, 2.182363e-03, 1.249255e+00, 1.061383e+00
7.007007e-02, 2.454907e-03, 1.248972e+00, 1.060959e+00
7.407407e-02, 2.743484e-03, 1.248677e+00, 1.060517e+00
7.807808e-02, 3.048093e-03, 1.248370e+00, 1.060057e+00
8.208208e-02, 3.368734e-03, 1.248050e+00, 1.059579e+00
8.608609e-02, 3.705407e-03, 1.247719e+00, 1.059084e+00
9.009009e-02, 4.058112e-03, 1.247376e+00, 1.058572e+00
9.409409e-02, 4.426849e-03, 1.247022e+00, 1.058041e+00
9.809810e-02, 4.811618e-03, 1.246655e+00, 1.057494e+00
1.021021e-01, 5.212420e-03, 1.246276e+00, 1.056929e+00
1.061061e-01, 5.629253e-03, 1.245886e+00, 1.056346e+00
1.101101e-01, 6.062118e-03, 1.245484e+00, 1.055746e+00
1.141141e-01, 6.511016e-03, 1.245070e+00, 1.055129e+00
1.181181e-01, 6.975945e-03, 1.244644e+00, 1.054495e+00
1.221221e-01, 7.456906e-03, 1.244206e+00, 1.053843e+00
1.261261e-01, 7.953900e-03, 1.243757e+00, 1.053175e+00
1.301301e-01, 8.466925e-03, 1.243296e+00, 1.052489e+00
1.341341e-01, 8.995983e-03, 1.242823e+00, 1.051787e+00
1.381381e-01, 9.541073e-03, 1.242339e+00, 1.051067e+00
1.421421e-01, 1.010219e-02, 1.241843e+00, 1.050331e+00
1.461461e-01, 1.067935e-02, 1.241335e+00, 1.049578e+00
1.501502e-01, 1.127253e-02, 1.240816e+00, 1.048808e+00
1.541542e-01, 1.188175e-02, 1.240285e+00, 1.048021e+00
1.581582e-01, 1.250700e-02, 1.239742e+00, 1.047218e+00
1.621622e-01, 1.314828e-02, 1.239188e+00, 1.046398e+00
1.661662e-01, 1.380560e-02, 1.238622e+00, 1.045562e+00
1.701702e-01, 1.447894e-02, 1.238045e+00, 1.044710e+00
1.741742e-01, 1.516832e-02, 1.237456e+00, 1.043841e+00
1.781782e-01, 1.587373e-02, 1.236856e+00, 1.042957e+00
1.821822e-01, 1.659517e-02, 1.236244e+00, 1.042056e+00
1.861862e-01, 1.733265e-02, 1.235621e+00, 1.041139e+00
1.901902e-01, 1.808615e-02, 1.234987e+00, 1.040206e+00
1.941942e-01, 1.885569e-02, 1.234341e+00, 1.039257e+00
1.981982e-01, 1.964126e-02, 1.233684e+00, 1.038292e+00
2.022022e-01, 2.044287e-02, 1.233015e+00, 1.037312e+00
2.062062e-01, 2.126050e-02, 1.232336e+00, 1.036316e+00
2.102102e-01, 2.209417e-02, 1.231645e+00, 1.035304e+00
2.142142e-01, 2.294386e-02, 1.230943e+00, 1.034277e+00
2.182182e-01, 2.380960e-02, 1.230229e+00, 1.033235e+00
2.222222e-01, 2.469136e-02, 1.229505e+00, 1.032177e+00
2.262262e-01, 2.558915e-02, 1.228769e+00, 1.031105e+00
2.302302e-01, 2.650298e-02, 1.228023e+00, 1.030017e+00
2.342342e-01, 2.743284e-02, 1.227265e+00, 1.028914e+00
2.382382e-01, 2.837873e-02, 1.226496e+00, 1.027797e+00
2.422422e-01, 2.934065e-02, 1.225717e+00, 1.026664e+00
2.462462e-01, 3.031861e-02, 1.224926e+00, 1.025517e+00
2.502503e-01, 3.131259e-02, 1.224124e+00, 1.024356e+00
2.542543e-01, 3.232261e-02, 1.223312e+00, 1.023180e+00
2.582583e-01, 3.334866e-02, 1.222488e+00, 1.021990e+00
2.622623e-01, 3.439075e-02, 1.221654e+00, 1.020785e+00
2.662663e-01, 3.544886e-02, 1.220809e+00, 1.019566e+00
2.702703e-01, 3.652301e-02, 1.219954e+00, 1.018333e+00
2.742743e-01, 3.761319e-02, 1.219087e+00, 1.017087e+00
2.782783e-01, 3.871940e-02, 1.218210e+00, 1.015826e+00
2.822823e-01, 3.984164e-02, 1.217323e+00, 1.014552e+00
2.862863e-01, 4.097992e-02, 1.216425e+00, 1.013264e+00
2.902903e-01, 4.213423e-02, 1.215516e+00, 1.011963e+00
2.942943e-01, 4.330457e-02, 1.214597e+00, 1.010648e+00
2.982983e-01, 4.449094e-02, 1.213667e+00, 1.009320e+00
3.023023e-01, 4.569334e-02, 1.212727e+00, 1.007979e+00
3.063063e-01, 4.691178e-02, 1.211776e+00, 1.006625e+00
3.103103e-01, 4.814624e-02, 1.210815e+00, 1.005258e+00
3.143143e-01, 4.939674e-02, 1.209844e+00, 1.003879e+00
3.183183e-01, 5.066328e-02, 1.208863e+00, 1.002486e+00
3.223223e-01, 5.194584e-02, 1.207871e+00, 1.001081e+00
3.263263e-01, 5.324444e-02, 1.206869e+00, 9.996642e-01
3.303303e-01, 5.455906e-02, 1.205857e+00, 9.982346e-01
3.343343e-01, 5.588972e-02, 1.204835e+00, 9.967928e-01
3.383383e-01, 5.723642e-02, 1.203803e+00, 9.953390e-01
3.423423e-01, 5.859914e-02, 1.202761e+00, 9.938733e-01
3.463463e-01, 5.997790e-02, 1.201709e+00, 9.923958e-01
3.503504e-01, 6.137268e-02, 1.200647e+00, 9.909067e-01
3.543544e-01, 6.278350e-02, 1.199576e+00, 9.894060e-01
3.583584e-01, 6.421036e-02, 1.198494e+00, 9.878939e-01
3.623624e-01, 6.565324e-02, 1.197403e+00, 9.863706e-01
3.663664e-01, 6.711216e-02, 1.196302e+00, 9.848361e-01
3.703704e-01, 6.858711e-02, 1.195191e+00, 9.832906e-01
3.743744e-01, 7.007809e-02, 1.194071e+00, 9.817342e-01
3.783784e-01, 7.158510e-02, 1.192941e+00, 9.801670e-01
3.823824e-01, 7.310814e-02, 1.191801e+00, 9.785893e-01
3.863864e-01, 7.464722e-02, 1.190653e+00, 9.770010e-01
3.903904e-01, 7.620233e-02, 1.189494e+00, 9.754024e-01
3.943944e-01, 7.777347e-02, 1.188327e+00, 9.737936e-01
3.983984e-01, 7.936064e-02, 1.187150e+00, 9.721747e-01
4.024024e-01, 8.096385e-02, 1.185963e+00, 9.705459e-01
4.064064e-01, 8.258308e-02, 1.184768e+00, 9.689072e-01
4.104104e-01, 8.421835e-02, 1.183563e+00, 9.672589e-01
4.144144e-01, 8.586965e-02, 1.182350e+00, 9.656011e-01
4.184184e-01, 8.753699e-02, 1.181127e+00, 9.639338e-01
4.224224e-01, 8.922035e-02, 1.179895e+00, 9.622573e-01
4.264264e-01, 9.091975e-02, 1.178654e+00, 9.605717e-01
4.304304e-01, 9.263518e-02, 1.177405e+00, 9.588771e-01
4.344344e-01, 9.436664e-02, 1.176146e+00, 9.571736e-01
4.384384e-01, 9.611413e-02, 1.174879e+00, 9.554615e-01
4.424424e-01, 9.787766e-02, 1.173603e+00, 9.537408e-01
4.464464e-01, 9.965721e-02, 1.172318e+00, 9.520116e-01
4.504505e-01, 1.014528e-01, 1.171025e+00, 9.502742e-01
4.544545e-01, 1.032644e-01, 1.169723e+00, 9.485287e-01
4.584585e-01, 1.050921e-01, 1.168412e+00, 9.467751e-01
4.624625e-01, 1.069358e-01, 1.167093e+00, 9.450137e-01
4.664665e-01, 1.087955e-01, 1.165766e+00, 9.432446e-01
4.704705e-01, 1.106712e-01, 1.164430e+00, 9.414679e-01
4.744745e-01, 1.125630e-01, 1.163087e+00, 9.396837e-01
4.784785e-01, 1.144708e-01, 1.161734e+00, 9.378923e-01
4.824825e-01, 1.163947e-01, 1.160374e+00, 9.360937e-01
4.864865e-01, 1.183346e-01, 1.159005e+00, 9.342881e-01
4.904905e-01, 1.202905e-01, 1.157629e+00, 9.324757e-01
4.944945e-01, 1.222624e-01, 1.156244e+00, 9.306565e-01
4.984985e-01, 1.242504e-01, 1.154852e+00, 9.288308e-01
5.025025e-01, 1.262544e-01, 1.153451e+00, 9.269986e-01
5.065065e-01, 1.282744e-01, 1.152043e+00, 9.251602e-01
5.105105e-01, 1.303105e-01, 1.150627e+00, 9.233156e-01
5.145145e-01, 1.323626e-01, 1.149203e+00, 9.214650e-01
5.185185e-01, 1.344307e-01, 1.147772e+00, 9.196085e-01
5.225225e-01, 1.365149e-01, 1.146333e+00, 9.177463e-01
5.265265e-01, 1.386151e-01, 1.144886e+00, 9.158786e-01
5.305305e-01, 1.407313e-01, 1.143433e+00, 9.140054e-01
5.345345e-01, 1.428636e-01, 1.141971e+00, 9.121269e-01
5.385385e-01, 1.450119e-01, 1.140502e+00, 9.102433e-01
5.425425e-01, 1.471762e-01, 1.139026e+00, 9.083547e-01
5.465465e-01, 1.493566e-01, 1.137543e+00, 9.064612e-01
5.505506e-01, 1.515530e-01, 1.136053e+00, 9.045630e-01
5.545546e-01, 1.537654e-01, 1.134555e+00, 9.026602e-01
5.585586e-01, 1.559938e-01, 1.133051e+00, 9.007530e-01
5.625626e-01, 1.582383e-01, 1.131539e+00, 8.988415e-01
5.665666e-01, 1.604988e-01, 1.130020e+00, 8.969258e-01
5.705706e-01, 1.627754e-01, 1.128495e+00, 8.950061e-01
5.745746e-01, 1.650680e-01, 1.126963e+00, 8.930826e-01
5.785786e-01, 1.673766e-01, 1.125424e+00, 8.911553e-01
5.825826e-01, 1.697012e-01, 1.123879e+00, 8.892245e-01
5.865866e-01, 1.720419e-01, 1.122326e+00, 8.872902e-01
5.905906e-01, 1.743986e-01, 1.120768e+00, 8.853526e-01
5.945946e-01, 1.767714e-01, 1.119203e+00, 8.834118e-01
5.985986e-01, 1.791601e-01, 1.117631e+00, 8.814680e-01
6.026026e-01, 1.815649e-01, 1.116053e+00, 8.795213e-01
6.066066e-01, 1.839858e-01, 1.114469e+00, 8.775719e-01
6.106106e-01, 1.864227e-01, 1.112878e+00, 8.756198e-01
6.146146e-01, 1.888756e-01, 1.111282e+00, 8.736653e-01
6.186186e-01, 1.913445e-01, 1.109679e+00, 8.717084e-01
6.226226e-01, 1.938295e-01, 1.108070e+00, 8.697494e-01
6.266266e-01, 1.963305e-01, 1.106455e+00, 8.677883e-01
6.306306e-01, 1.988475e-01, 1.104835e+00, 8.658252e-01
6.346346e-01, 2.013806e-01, 1.103208e+00, 8.638604e-01
6.386386e-01, 2.039297e-01, 1.101576e+00, 8.618938e-01
6.426426e-01, 2.064948e-01, 1.099938e+00, 8.599258e-01
6.466466e-01, 2.090759e-01, 1.098295e+00, 8.579564e-01
6.506507e-01, 2.116731e-01, 1.096645e+00, 8.559857e-01
6.546547e-01, 2.142864e-01, 1.094991e+00, 8.540139e-01
6.586587e-01, 2.169156e-01, 1.093331e+00, 8.520411e-01
6.626627e-01, 2.195609e-01, 1.091665e+00, 8.500675e-01
6.666667e-01, 2.222222e-01, 1.089994e+00, 8.480931e-01
6.706707e-01, 2.248996e-01, 1.088318e+00, 8.461181e-01
6.746747e-01, 2.275930e-01, 1.086637e+00, 8.441426e-01
6.786787e-01, 2.303024e-01, 1.084950e+00, 8.421669e-01
6.826827e-01, 2.330278e-01, 1.083259e+00, 8.401908e-01
6.866867e-01, 2.357693e-01, 1.081562e+00, 8.382148e-01
6.906907e-01, 2.385268e-01, 1.079861e+00, 8.362387e-01
6.946947e-01, 2.413004e-01, 1.078155e+00, 8.342628e-01
6.986987e-01, 2.440899e-01, 1.076444e+00, 8.322872e-01
7.027027e-01, 2.468955e-01, 1.074728e+00, 8.303121e-01
7.067067e-01, 2.497172e-01, 1.073007e+00, 8.283374e-01
7.107107e-01, 2.525549e-01, 1.071282e+00, 8.263635e-01
7.147147e-01, 2.554086e-01, 1.069553e+00, 8.243903e-01
7.187187e-01, 2.582783e-01, 1.067819e+00, 8.224180e-01
7.227227e-01, 2.611641e-01, 1.066080e+00, 8.204468e-01
7.267267e-01, 2.640659e-01, 1.064337e+00, 8.184767e-01
7.307307e-01, 2.669837e-01, 1.062590e+00, 8.165079e-01
7.347347e-01, 2.699176e-01, 1.060839e+00, 8.145405e-01
7.387387e-01, 2.728675e-01, 1.059084e+00, 8.125746e-01
7.427427e-01, 2.758334e-01, 1.057324e+00, 8.106103e-01
7.467467e-01, 2.788154e-01, 1.055561e+00, 8.086477e-01
7.507508e-01, 2.818133e-01, 1.053793e+00, 8.066870e-01
7.547548e-01, 2.848274e-01, 1.052022e+00, 8.047283e-01
7.587588e-01, 2.878574e-01, 1.050247e+00, 8.027717e-01
7.627628e-01, 2.909035e-01, 1.048468e+00, 8.008172e-01
7.667668e-01, 2.939656e-01, 1.046686e+00, 7.988651e-01
7.707708e-01, 2.970438e-01, 1.044899e+00, 7.969154e-01
7.747748e-01, 3.001380e-01, 1.043110e+00, 7.949682e-01
7.787788e-01, 3.032482e-01, 1.041317e+00, 7.930237e-01
7.827828e-01, 3.063744e-01, 1.039520e+00, 7.910819e-01
7.867868e-01, 3.095167e-01, 1.037720e+00, 7.891429e-01
7.907908e-01, 3.126750e-01, 1.035917e+00, 7.872069e-01
7.947948e-01, 3.158494e-01, 1.034110e+00, 7.852740e-01
7.987988e-01, 3.190398e-01, 1.032301e+00, 7.833442e-01
8.028028e-01, 3.222462e-01, 1.030488e+00, 7.814178e-01
8.068068e-01, 3.254686e-01, 1.028673e+00, 7.794946e-01
8.108108e-01, 3.287071e-01, 1.026854e+00, 7.775750e-01
8.148148e-01, 3.319616e-01, 1.025032e+00, 7.756590e-01
8.188188e-01, 3.352321e-01, 1.023208e+00, 7.737466e-01
8.228228e-01, 3.385187e-01, 1.021381e+00, 7.718380e-01
8.268268e-01, 3.418213e-01, 1.019551e+00, 7.699332e-01
8.308308e-01, 3.451399e-01, 1.017719e+00, 7.680325e-01
8.348348e-01, 3.484746e-01, 1.015883e+00, 7.661358e-01
8.388388e-01, 3.518253e-01, 1.014046e+00, 7.642432e-01
8.428428e-01, 3.551920e-01, 1.012206e+00, 7.623549e-01
8.468468e-01, 3.585748e-01, 1.010364e+00, 7.604710e-01
8.508509e-01, 3.619736e-01, 1.008519e+00, 7.585914e-01
8.548549e-01, 3.653884e-01, 1.006672e+00, 7.567165e-01
8.588589e-01, 3.688193e-01, 1.004823e+00, 7.548461e-01
8.628629e-01, 3.722662e-01, 1.002972e+00, 7.529804e-01
8.668669e-01, 3.757291e-01, 1.001118e+00, 7.511195e-01
8.708709e-01, 3.792080e-01, 9.992630e-01, 7.492635e-01
8.748749e-01, 3.827030e-01, 9.974057e-01, 7.474125e-01
8.788789e-01, 3.862140e-01, 9.955466e-01, 7.455665e-01
8.828829e-01, 3.897411e-01, 9.936857e-01, 7.437256e-01
8.868869e-01, 3.932842e-01, 9.918231e-01, 7.418899e-01
8.908909e-01, 3.968433e-01, 9.899587e-01, 7.400595e-01
8.948949e-01, 4.004184e-01, 9.880927e-01, 7.382345e-01
8.988989e-01, 4.040096e-01, 9.862252e-01, 7.364150e-01
9.029029e-01, 4.076168e-01, 9.843562e-01, 7.346009e-01
9.069069e-01, 4.112401e-01, 9.824858e-01, 7.327925e-01
9.109109e-01, 4.148793e-01, 9.806139e-01, 7.309897e-01
9.149149e-01, 4.185347e-01, 9.787408e-01, 7.291927e-01
9.189189e-01, 4.222060e-01, 9.768664e-01, 7.274016e-01
9.229229e-01, 4.258934e-01, 9.749908e-01, 7.256163e-01
9.269269e-01, 4.295968e-01, 9.731141e-01, 7.238370e-01
9.309309e-01, 4.333162e-01, 9.712363e-01, 7.220637e-01
9.349349e-01, 4.370517e-01, 9.693576e-01, 7.202965e-01
9.389389e-01, 4.408032e-01, 9.674778e-01, 7.185355e-01
9.429429e-01, 4.445707e-01, 9.655972e-01, 7.167808e-01
9.469469e-01, 4.483543e-01, 9.637158e-01, 7.150323e-01
9.509510e-01, 4.521539e-01, 9.618336e-01, 7.132902e-01
9.549550e-01, 4.559695e-01, 9.599506e-01, 7.115546e-01
9.589590e-01, 4.598011e-01, 9.580671e-01, 7.098254e-01
9.629630e-01, 4.636488e-01, 9.561829e-01, 7.081028e-01
9.669670e-01, 4.675126e-01, 9.542982e-01, 7.063869e-01
9.709710e-01, 4.713923e-01, 9.524130e-01, 7.046776e-01
9.749750e-01, 4.752881e-01, 9.505275e-01, 7.029750e-01
9.789790e-01, 4.791999e-01, 9.486415e-01, 7.012792e-01
9.829830e-01, 4.831278e-01, 9.467553e-01, 6.995903e-01
9.869870e-01, 4.870717e-01, 9.448688e-01, 6.979083e-01
9.909910e-01, 4.910316e-01, 9.429821e-01, 6.962332e-01
9.949950e-01, 4.950075e-01, 9.410954e-01, 6.945651e-01
9.989990e-01, 4.989995e-01, 9.392085e-01, 6.929041e-01
1.003003e+00, 5.030075e-01, 9.373216e-01, 6.912502e-01
1.007007e+00, 5.070316e-01, 9.354348e-01, 6.896035e-01
1.011011e+00, 5.110716e-01, 9.335481e-01, 6.879639e-01
1.015015e+00, 5.151277e-01, 9.316615e-01, 6.863316e-01
1.019019e+00, 5.191999e-01, 9.297751e-01, 6.847066e-01
1.023023e+00, 5.232881e-01, 9.278890e-01, 6.830890e-01
1.027027e+00, 5.273923e-01, 9.260032e-01, 6.814787e-01
1.031031e+00, 5.315125e-01, 9.241178e-01, 6.798759e-01
1.035035e+00, 5.356488e-01, 9.222328e-01, 6.782805e-01
1.039039e+00, 5.398011e-01, 9.203483e-01, 6.766927e-01
1.043043e+00, 5.439694e-01, 9.184643e-01, 6.751124e-01
1.047047e+00, 5.481538e-01, 9.165810e-01, 6.735397e-01
1.051051e+00, 5.523542e-01, 9.146982e-01, 6.719746e-01
1.055055e+00, 5.565706e-01, 9.128162e-01, 6.704172e-01
1.059059e+00, 5.608030e-01, 9.109349e-01, 6.688675e-01
1.063063e+00, 5.650515e-01, 9.090544e-01, 6.673255e-01
1.067067e+00, 5.693161e-01, 9.071748e-01, 6.657913e-01
1.071071e+00, 5.735966e-01, 9.052961e-01, 6.642649e-01
1.075075e+00, 5.778932e-01, 9.034183e-01, 6.627463e-01
1.079079e+00, 5.822058e-01, 9.015415e-01, 6.612356e-01
1.083083e+00, 5.865345e-01, 8.996658e-01, 6.597328e-01
1.087087e+00, 5.908792e-01, 8.977912e-01, 6.582378e-01
1.091091e+00, 5.952399e-01, 8.959178e-01, 6.567509e-01
1.095095e+00, 5.996166e-01, 8.940455e-01, 6.552719e-01
1.099099e+00, 6.040094e-01, 8.921746e-01, 6.538009e-01
1.103103e+00, 6.084182e-01, 8.903049e-01, 6.523379e-01
1.107107e+00, 6.128431e-01, 8.884366e-01, 6.508830e-01
1.111111e+00, 6.172840e-01, 8.865697e-01, 6.494361e-01
1.115115e+00, 6.217409e-01, 8.847043e-01, 6.479974e-01
1.119119e+00, 6.262138e-01, 8.828403e-01, 6.465667e-01
1.123123e+00, 6.307028e-01, 8.809779e-01, 6.451442e-01
1.127127e+00, 6.352078e-01, 8.791171e-01, 6.437298e-01
1.131131e+00, 6.397288e-01, 8.772580e-01, 6.423236e-01
1.135135e+00, 6.442659e-01, 8.754005e-01, 6.409255e-01
1.139139e+00, 6.488190e-01, 8.735448e-01, 6.395357e-01
1.143143e+00, 6.533881e-01, 8.716908e-01, 6.381541e-01
1.147147e+00, 6.579733e-01, 8.698387e-01, 6.367807e-01
1.151151e+00, 6.625745e-01, 8.679885e-01, 6.354155e-01
1.155155e+00, 6.671917e-01, 8.661401e-01, 6.340586e-01
1.159159e+00, 6.718250e-01, 8.642938e-01, 6.327099e-01
1.163163e+00, 6.764743e-01, 8.624494e-01, 6.313696e-01
1.167167e+00, 6.811396e-01, 8.606071e-01, 6.300375e-01
1.171171e+00, 6.858210e-01, 8.587669e-01, 6.287137e-01
1.175175e+00, 6.905183e-01, 8.569288e-01, 6.273982e-01
1.179179e+00, 6.952318e-01, 8.550929e-01, 6.260910e-01
1.183183e+00, 6.999612e-01, 8.532592e-01, 6.247921e-01
1.187187e+00, 7.047067e-01, 8.514278e-01, 6.235015e-01
1.191191e+00, 7.094682e-01, 8.495987e-01, 6.222193e-01
1.195195e+00, 7.142458e-01, 8.477720e-01, 6.209454e-01
1.199199e+00, 7.190394e-01, 8.459476e-01, 6.196798e-01
1.203203e+00, 7.238490e-01, 8.441257e-01, 6.184225e-01
1.207207e+00, 7.286746e-01, 8.423062e-01, 6.171736e-01
1.211211e+00, 7.335163e-01, 8.404893e-01, 6.159329e-01
1.215215e+00, 7.383740e-01, 8.386749e-01, 6.147007e-01
1.219219e+00, 7.432478e-01, 8.368631e-01, 6.134767e-01
1.223223e+00, 7.481375e-01, 8.350539e-01, 6.122611e-01
1.227227e+00, 7.530433e-01, 8.332473e-01, 6.110538e-01
1.231231e+00, 7.579652e-01, 8.314435e-01, 6.098548e-01
1.235235e+00, 7.629030e-01, 8.296425e-01, 6.086641e-01
1.239239e+00, 7.678569e-01, 8.278442e-01, 6.074818e-01
1.243243e+00, 7.728269e-01, 8.260487e-01, 6.063077e-01
1.247247e+00, 7.778128e-01, 8.242560e-01, 6.051420e-01
1.251251e+00, 7.828148e-01, 8.224663e-01, 6.039845e-01
1.255255e+00, 7.878329e-01, 8.206795e-01, 6.028353e-01
1.259259e+00, 7.928669e-01, 8.188956e-01, 6.016944e-01
1.263263e+00, 7.979170e-01, 8.171148e-01, 6.005618e-01
1.267267e+00, 8.029832e-01, 8.153369e-01, 5.994374e-01
1.271271e+00, 8.080653e-01, 8.135622e-01, 5.983212e-01
1.275275e+00, 8.131635e-01, 8.117905e-01, 5.972133e-01
1.279279e+00, 8.182777e-01, 8.100219e-01, 5.961136e-01
1.283283e+00, 8.234080e-01, 8.082566e-01, 5.950221e-01
1.287287e+00, 8.285543e-01, 8.064944e-01, 5.939388e-01
1.291291e+00, 8.337166e-01, 8.047354e-01, 5.928637e-01
1.295295e+00, 8.388950e-01, 8.029797e-01, 5.917967e-01
1.299299e+00, 8.440893e-01, 8.012273e-01, 5.907379e-01
1.303303e+00, 8.492998e-01, 7.994782e-01, 5.896872e-01
1.307307e+00, 8.545262e-01, 7.977325e-01, 5.886447e-01
1.311311e+00, 8.597687e-01, 7.959902e-01, 5.876102e-01
1.315315e+00, 8.650272e-01, 7.942513e-01, 5.865838e-01
1.319319e+00, 8.703017e-01, 7.925158e-01, 5.855655e-01
1.323323e+00, 8.755923e-01, 7.907838e-01, 5.845552e-01
1.327327e+00, 8.808989e-01, 7.890553e-01, 5.835529e-01
1.331331e+00, 8.862216e-01, 7.873303e-01, 5.825587e-01
1.335335e+00, 8.915602e-01, 7.856089e-01, 5.815724e-01
1.339339e+00, 8.969149e-01, 7.838910e-01, 5.805941e-01
1.343343e+00, 9.022857e-01, 7.821768e-01, 5.796238e-01
1.347347e+00, 9.076724e-01, 7.804662e-01, 5.786613e-01
1.351351e+00, 9.130752e-01, 7.787593e-01, 5.777068e-01
1.355355e+00, 9.184941e-01, 7.770561e-01, 5.767601e-01
1.359359e+00, 9.239289e-01, 7.753566e-01, 5.758213e-01
1.363363e+00, 9.293798e-01, 7.736609e-01, 5.748903e-01
1.367367e+00, 9.348468e-01, 7.719689e-01, 5.739671e-01
1.371371e+00, 9.403297e-01, 7.702807e-01, 5.730516e-01
1.375375e+00, 9.458287e-01, 7.685963e-01, 5.721440e-01
1.379379e+00, 9.513437e-01, 7.669157e-01, 5.712440e-01
1.383383e+00, 9.568748e-01, 7.652391e-01, 5.703518e-01
1.387387e+00, 9.624219e-01, 7.635663e-01, 5.694672e-01
1.391391e+00, 9.679850e-01, 7.618974e-01, 5.685902e-01
1.395395e+00, 9.735642e-01, 7.602324e-01, 5.677209e-01
1.399399e+00, 9.791593e-01, 7.585714e-01, 5.668592e-01
1.403403e+00, 9.847706e-01, 7.569144e-01, 5.660050e-01
1.407407e+00, 9.903978e-01, 7.552613e-01, 5.651583e-01
1.411411e+00, 9.960411e-01, 7.536123e-01, 5.643192e-01
1.415415e+00, 1.001700e+00, 7.519673e-01, 5.634875e-01
1.419419e+00, 1.007376e+00, 7.503264e-01, 5.626633e-01
1.423423e+00, 1.013067e+00, 7.486895e-01, 5.618465e-01
1.427427e+00, 1.018775e+00, 7.470567e-01, 5.610370e-01
1.431431e+00, 1.024498e+00, 7.454281e-01, 5.602349e-01
1.435435e+00, 1.030237e+00, 7.438035e-01, 5.594402e-01
1.439439e+00, 1.035993e+00, 7.421831e-01, 5.586527e-01
1.443443e+00, 1.041764e+00, 7.405669e-01, 5.578724e-01
1.447447e+00, 1.047552e+00, 7.389548e-01, 5.570994e-01
1.451451e+00, 1.053356e+00, 7.373470e-01, 5.563336e-01
1.455455e+00, 1.059175e+00, 7.357433e-01, 5.555749e-01
1.459459e+00, 1.065011e+00, 7.341439e-01, 5.548234e-01
1.463463e+00, 1.070863e+00, 7.325487e-01, 5.540789e-01
1.467467e+00, 1.076730e+00, 7.309578e-01, 5.533415e-01
1.471471e+00, 1.082614e+00, 7.293712e-01, 5.526111e-01
1.475475e+00, 1.088514e+00, 7.277888e-01, 5.518877e-01
1.479479e+00, 1.094430e+00, 7.262107e-01, 5.511713e-01
1.483483e+00, 1.100362e+00, 7.246370e-01, 5.504618e-01
1.487487e+00, 1.106310e+00, 7.230675e-01, 5.497591e-01
1.491491e+00, 1.112273e+00, 7.215024e-01, 5.490633e-01
1.495495e+00, 1.118253e+00, 7.199417e-01, 5.483743e-01
1.499499e+00, 1.124249e+00, 7.183853e-01, 5.476921e-01
1.503504e+00, 1.130261e+00, 7.168333e-01, 5.470167e-01
1.507508e+00, 1.136289e+00, 7.152856e-01, 5.463479e-01
1.511512e+00, 1.142334e+00, 7.137424e-01, 5.456858e-01
1.515516e+00, 1.148394e+00, 7.122036e-01, 5.450304e-01
1.519520e+00, 1.154470e+00, 7.106691e-01, 5.443815e-01
1.523524e+00, 1.160562e+00, 7.091391e-01, 5.437392e-01
1.527528e+00, 1.166670e+00, 7.076136e-01, 5.431034e-01
1.531532e+00, 1.172794e+00, 7.060924e-01, 5.424741e-01
1.535536e+00, 1.178935e+00, 7.045757e-01, 5.418512e-01
1.539540e+00, 1.185091e+00, 7.030635e-01, 5.412348e-01
1.543544e+00, 1.191263e+00, 7.015557e-01, 5.406247e-01
1.547548e+00, 1.197452e+00, 7.000524e-01, 5.400210e-01
1.551552e+00, 1.203656e+00, 6.985536e-01, 5.394235e-01
1.555556e+00, 1.209877e+00, 6.970592e-01, 5.388323e-01
1.559560e+00, 1.216113e+00, 6.955693e-01, 5.382474e-01
1.563564e+00, 1.222366e+00, 6.940839e-01, 5.376686e-01
1.567568e+00, 1.228634e+00, 6.926030e-01, 5.370959e-01
1.571572e+00, 1.234919e+00, 6.911267e-01, 5.365294e-01
1.575576e+00, 1.241219e+00, 6.896548e-01, 5.359689e-01
1.579580e+00, 1.247536e+00, 6.881874e-01, 5.354145e-01
1.583584e+00, 1.253868e+00, 6.867245e-01, 5.348661e-01
1.587588e+00, 1.260217e+00, 6.852662e-01, 5.343236e-01
1.591592e+00, 1.266582e+00, 6.838123e-01, 5.337870e-01
1.595596e+00, 1.272963e+00, 6.823630e-01, 5.332563e-01
1.599600e+00, 1.279359e+00, 6.809182e-01, 5.327314e-01
1.603604e+00, 1.285772e+00, 6.794780e-01, 5.322123e-01
1.607608e+00, 1.292201e+00, 6.780422e-01, 5.316990e-01
1.611612e+00, 1.298646e+00, 6.766110e-01, 5.311914e-01
1.615616e+00, 1.305107e+00, 6.751843e-01, 5.306895e-01
1.619620e+00, 1.311584e+00, 6.737621e-01, 5.301933e-01
1.623624e+00, 1.318077e+00, 6.723444e-01, 5.297026e-01
1.627628e+00, 1.324586e+00, 6.709313e-01, 5.292175e-01
1.631632e+00, 1.331111e+00, 6.695226e-01, 5.287379e-01
1.635636e+00, 1.337652e+00, 6.681185e-01, 5.282638e-01
1.639640e+00, 1.344209e+00, 6.667189e-01, 5.277952e-01
1.643644e+00, 1.350782e+00, 6.653238e-01, 5.273320e-01
1.647648e+00, 1.357371e+00, 6.639333e-01, 5.268741e-01
1.651652e+00, 1.363977e+00, 6.625472e-01, 5.264216e-01
1.655656e+00, 1.370598e+00, 6.611656e-01, 5.259744e-01
1.659660e+00, 1.377235e+00, 6.597886e-01, 5.255324e-01
1.663664e+00, 1.383888e+00, 6.584160e-01, 5.250956e-01
1.667668e+00, 1.390558e+00, 6.570479e-01, 5.246641e-01
1.671672e+00, 1.397243e+00, 6.556843e-01, 5.242376e-01
1.675676e+00, 1.403944e+00, 6.543252e-01, 5.238163e-01
1.679680e+00, 1.410662e+00, 6.529706e-01, 5.234000e-01
1.683684e+00, 1.417395e+00, 6.516204e-01, 5.229887e-01
1.687688e+00, 1.424145e+00, 6.502747e-01, 5.225825e-01
1.691692e+00, 1.430910e+00, 6.489334e-01, 5.221812e-01
1.695696e+00, 1.437692e+00, 6.475966e-01, 5.217848e-01
1.699700e+00, 1.444490e+00, 6.462642e-01, 5.213932e-01
1.703704e+00, 1.451303e+00, 6.449363e-01, 5.210065e-01
1.707708e+00, 1.458133e+00, 6.436128e-01, 5.206246e-01
1.711712e+00, 1.464978e+00, 6.422936e-01, 5.202475e-01
1.715716e+00, 1.471840e+00, 6.409789e-01, 5.198751e-01
1.719720e+00, 1.478718e+00, 6.396686e-01, 5.195073e-01
1.723724e+00, 1.485612e+00, 6.383627e-01, 5.191442e-01
1.727728e+00, 1.492522e+00, 6.370611e-01, 5.187857e-01
1.731732e+00, 1.499447e+00, 6.357639e-01, 5.184318e-01
1.735736e+00, 1.506389e+00, 6.344710e-01, 5.180825e-01
1.739740e+00, 1.513347e+00, 6.331825e-01, 5.177376e-01
1.743744e+00, 1.520321e+00, 6.318983e-01, 5.173972e-01
1.747748e+00, 1.527311e+00, 6.306185e-01, 5.170612e-01
1.751752e+00, 1.534317e+00, 6.293429e-01, 5.167296e-01
1.755756e+00, 1.541339e+00, 6.280716e-01, 5.164023e-01
1.759760e+00, 1.548377e+00, 6.268046e-01, 5.160794e-01
1.763764e+00, 1.555431e+00, 6.255419e-01, 5.157608e-01
1.767768e+00, 1.562501e+00, 6.242834e-01, 5.154464e-01
1.771772e+00, 1.569588e+00, 6.230291e-01, 5.151362e-01
1.775776e+00, 1.576690e+00, 6.217791e-01, 5.148301e-01
1.779780e+00, 1.583808e+00, 6.205333e-01, 5.145283e-01
1.783784e+00, 1.590942e+00, 6.192916e-01, 5.142305e-01
1.787788e+00, 1.598093e+00, 6.180541e-01, 5.139368e-01
1.791792e+00, 1.605259e+00, 6.168208e-01, 5.136471e-01
1.795796e+00, 1.612441e+00, 6.155916e-01, 5.133614e-01
1.799800e+00, 1.619640e+00, 6.143666e-01, 5.130797e-01
1.803804e+00, 1.626854e+00, 6.131456e-01, 5.128019e-01
1.807808e+00, 1.634085e+00, 6.119288e-01, 5.125281e-01
1.811812e+00, 1.641331e+00, 6.107160e-01, 5.122580e-01
1.815816e+00, 1.648594e+00, 6.095073e-01, 5.119918e-01
1.819820e+00, 1.655872e+00, 6.083026e-01, 5.117294e-01
1.823824e+00, 1.663167e+00, 6.071019e-01, 5.114708e-01
1.827828e+00, 1.670477e+00, 6.059052e-01, 5.112159e-01
1.831832e+00, 1.677804e+00, 6.047124e-01, 5.109647e-01
1.835836e+00, 1.685147e+00, 6.035237e-01, 5.107172e-01
1.839840e+00, 1.692505e+00, 6.023388e-01, 5.104732e-01
1.843844e+00, 1.699880e+00, 6.011579e-01, 5.102329e-01
1.847848e+00, 1.707271e+00, 5.999809e-01, 5.099962e-01
1.851852e+00, 1.714678e+00, 5.988077e-01, 5.097630e-01
1.855856e+00, 1.722100e+00, 5.976384e-01, 5.095333e-01
1.859860e+00, 1.729539e+00, 5.964729e-01, 5.093070e-01
1.863864e+00, 1.736994e+00, 5.953113e-01, 5.090842e-01
1.867868e+00, 1.744465e+00, 5.941534e-01, 5.088649e-01
1.871872e+00, 1.751952e+00, 5.929992e-01, 5.086489e-01
1.875876e+00, 1.759455e+00, 5.918488e-01, 5.084362e-01
1.879880e+00, 1.766974e+00, 5.907021e-01, 5.082269e-01
1.883884e+00, 1.774509e+00, 5.895591e-01, 5.080208e-01
1.887888e+00, 1.782060e+00, 5.884197e-01, 5.078180e-01
1.891892e+00, 1.789627e+00, 5.872840e-01, 5.076185e-01
1.895896e+00, 1.797211e+00, 5.861519e-01, 5.074221e-01
1.899900e+00, 1.804810e+00, 5.850234e-01, 5.072290e-01
1.903904e+00, 1.812425e+00, 5.838984e-01, 5.070389e-01
1.907908e+00, 1.820056e+00, 5.827770e-01, 5.068520e-01
1.911912e+00, 1.827704e+00, 5.816590e-01, 5.066682e-01
1.915916e+00, 1.835367e+00, 5.805446e-01, 5.064874e-01
1.919920e+00, 1.843046e+00, 5.794335e-01, 5.063097e-01
1.923924e+00, 1.850742e+00, 5.783259e-01, 5.061350e-01
1.927928e+00, 1.858453e+00, 5.772217e-01, 5.059632e-01
1.931932e+00, 1.866180e+00, 5.761209e-01, 5.057944e-01
1.935936e+00, 1.873924e+00, 5.750234e-01, 5.056285e-01
1.939940e+00, 1.881683e+00, 5.739292e-01, 5.054655e-01
1.943944e+00, 1.889459e+00, 5.728383e-01, 5.053054e-01
1.947948e+00, 1.897251e+00, 5.717506e-01, 5.051482e-01
1.951952e+00, 1.905058e+00, 5.706662e-01, 5.049937e-01
1.955956e+00, 1.912882e+00, 5.695849e-01, 5.048421e-01
1.959960e+00, 1.920722e+00, 5.685067e-01, 5.046932e-01
1.963964e+00, 1.928577e+00, 5.674317e-01, 5.045470e-01
1.967968e+00, 1.936449e+00, 5.663598e-01, 5.044036e-01
1.971972e+00, 1.944337e+00, 5.652910e-01, 5.042629e-01
1.975976e+00, 1.952241e+00, 5.642251e-01, 5.041249e-01
1.979980e+00, 1.960160e+00, 5.631623e-01, 5.039895e-01
1.983984e+00, 1.968096e+00, 5.621024e-01, 5.038567e-01
1.987988e+00, 1.976048e+00, 5.610454e-01, 5.037265e-01
1.991992e+00, 1.984016e+00, 5.599914e-01, 5.035990e-01
1.995996e+00, 1.992000e+00, 5.589401e-01, 5.034739e-01
2.000000e+00, 2.000000e+00, 5.578917e-01, 5.033515e-01
