# E = 5.5
# x, V(x), psi, |psi|^2
-5.000000e+00 1.250000e+01 5.505972e+00 5.500036e+00
-4.990000e+00 1.245005e+01 5.506036e+00 5.500036e+00
-4.980000e+00 1.240020e+01 5.506109e+00 5.500037e+00
-4.970000e+00 1.235045e+01 5.506189e+00 5.500038e+00
-4.960000e+00 1.230080e+01 5.506278e+00 5.500039e+00
-4.950000e+00 1.225125e+01 5.506376e+00 5.500041e+00
-4.940000e+00 1.220180e+01 5.506483e+00 5.500042e+00
-4.930000e+00 1.215245e+01 5.506598e+00 5.500044e+00
-4.920000e+00 1.210320e+01 5.506721e+00 5.500045e+00
-4.910000e+00 1.205405e+01 5.506854e+00 5.500047e+00
-4.900000e+00 1.200500e+01 5.506996e+00 5.500049e+00
-4.890000e+00 1.195605e+01 5.507147e+00 5.500051e+00
-4.880000e+00 1.190720e+01 5.507307e+00 5.500053e+00
-4.870000e+00 1.185845e+01 5.507476e+00 5.500056e+00
-4.860000e+00 1.180980e+01 5.507655e+00 5.500059e+00
-4.850000e+00 1.176125e+01 5.507844e+00 5.500062e+00
-4.840000e+00 1.171280e+01 5.508042e+00 5.500065e+00
-4.830000e+00 1.166445e+01 5.508250e+00 5.500068e+00
-4.820000e+00 1.161620e+01 5.508469e+00 5.500072e+00
-4.810000e+00 1.156805e+01 5.508698e+00 5.500076e+00
-4.800000e+00 1.152000e+01 5.508937e+00 5.500080e+00
-4.790000e+00 1.147205e+01 5.509187e+00 5.500084e+00
-4.780000e+00 1.142420e+01 5.509449e+00 5.500089e+00
-4.770000e+00 1.137645e+01 5.509721e+00 5.500094e+00
-4.760000e+00 1.132880e+01 5.510005e+00 5.500100e+00
-4.750000e+00 1.128125e+01 5.510300e+00 5.500106e+00
-4.740000e+00 1.123380e+01 5.510608e+00 5.500113e+00
-4.730000e+00 1.118645e+01 5.510927e+00 5.500119e+00
-4.720000e+00 1.113920e+01 5.511259e+00 5.500127e+00
-4.710000e+00 1.109205e+01 5.511604e+00 5.500135e+00
-4.700000e+00 1.104500e+01 5.511962e+00 5.500143e+00
-4.690000e+00 1.099805e+01 5.512333e+00 5.500152e+00
-4.680000e+00 1.095120e+01 5.512717e+00 5.500162e+00
-4.670000e+00 1.090445e+01 5.513115e+00 5.500172e+00
-4.660000e+00 1.085780e+01 5.513528e+00 5.500183e+00
-4.650000e+00 1.081125e+01 5.513955e+00 5.500195e+00
-4.640000e+00 1.076480e+01 5.514397e+00 5.500207e+00
-4.630000e+00 1.071845e+01 5.514854e+00 5.500221e+00
-4.620000e+00 1.067220e+01 5.515326e+00 5.500235e+00
-4.610000e+00 1.062605e+01 5.515815e+00 5.500250e+00
-4.600000e+00 1.058000e+01 5.516319e+00 5.500266e+00
-4.590000e+00 1.053405e+01 5.516840e+00 5.500284e+00
-4.580000e+00 1.048820e+01 5.517379e+00 5.500302e+00
-4.570000e+00 1.044245e+01 5.517934e+00 5.500322e+00
-4.560000e+00 1.039680e+01 5.518507e+00 5.500343e+00
-4.550000e+00 1.035125e+01 5.519099e+00 5.500365e+00
-4.540000e+00 1.030580e+01 5.519708e+00 5.500388e+00
-4.530000e+00 1.026045e+01 5.520337e+00 5.500414e+00
-4.520000e+00 1.021520e+01 5.520985e+00 5.500440e+00
-4.510000e+00 1.017005e+01 5.521653e+00 5.500469e+00
-4.500000e+00 1.012500e+01 5.522341e+00 5.500499e+00
-4.490000e+00 1.008005e+01 5.523050e+00 5.500531e+00
-4.480000e+00 1.003520e+01 5.523780e+00 5.500565e+00
-4.470000e+00 9.990450e+00 5.524532e+00 5.500602e+00
-4.460000e+00 9.945800e+00 5.525305e+00 5.500640e+00
-4.450000e+00 9.901250e+00 5.526101e+00 5.500681e+00
-4.440000e+00 9.856800e+00 5.526920e+00 5.500725e+00
-4.430000e+00 9.812450e+00 5.527763e+00 5.500771e+00
-4.420000e+00 9.768200e+00 5.528629e+00 5.500820e+00
-4.410000e+00 9.724050e+00 5.529520e+00 5.500871e+00
-4.400000e+00 9.680000e+00 5.530436e+00 5.500926e+00
-4.390000e+00 9.636050e+00 5.531377e+00 5.500985e+00
-4.380000e+00 9.592200e+00 5.532344e+00 5.501046e+00
-4.370000e+00 9.548450e+00 5.533338e+00 5.501111e+00
-4.360000e+00 9.504800e+00 5.534359e+00 5.501181e+00
-4.350000e+00 9.461250e+00 5.535407e+00 5.501254e+00
-4.340000e+00 9.417800e+00 5.536483e+00 5.501331e+00
-4.330000e+00 9.374450e+00 5.537588e+00 5.501413e+00
-4.320000e+00 9.331200e+00 5.538722e+00 5.501499e+00
-4.310000e+00 9.288050e+00 5.539886e+00 5.501591e+00
-4.300000e+00 9.245000e+00 5.541080e+00 5.501688e+00
-4.290000e+00 9.202050e+00 5.542304e+00 5.501790e+00
-4.280000e+00 9.159200e+00 5.543560e+00 5.501897e+00
-4.270000e+00 9.116450e+00 5.544848e+00 5.502011e+00
-4.260000e+00 9.073800e+00 5.546168e+00 5.502132e+00
-4.250000e+00 9.031250e+00 5.547522e+00 5.502258e+00
-4.240000e+00 8.988800e+00 5.548908e+00 5.502392e+00
-4.230000e+00 8.946450e+00 5.550329e+00 5.502533e+00
-4.220000e+00 8.904200e+00 5.551785e+00 5.502682e+00
-4.210000e+00 8.862050e+00 5.553276e+00 5.502838e+00
-4.200000e+00 8.820000e+00 5.554803e+00 5.503003e+00
-4.190000e+00 8.778050e+00 5.556366e+00 5.503177e+00
-4.180000e+00 8.736200e+00 5.557966e+00 5.503360e+00
-4.170000e+00 8.694450e+00 5.559603e+00 5.503553e+00
-4.160000e+00 8.652800e+00 5.561279e+00 5.503755e+00
-4.150000e+00 8.611250e+00 5.562993e+00 5.503968e+00
-4.140000e+00 8.569800e+00 5.564747e+00 5.504192e+00
-4.130000e+00 8.528450e+00 5.566540e+00 5.504428e+00
-4.120000e+00 8.487200e+00 5.568374e+00 5.504675e+00
-4.110000e+00 8.446050e+00 5.570248e+00 5.504935e+00
-4.100000e+00 8.405000e+00 5.572164e+00 5.505208e+00
-4.090000e+00 8.364050e+00 5.574122e+00 5.505494e+00
-4.080000e+00 8.323200e+00 5.576122e+00 5.505795e+00
-4.070000e+00 8.282450e+00 5.578165e+00 5.506110e+00
-4.060000e+00 8.241800e+00 5.580252e+00 5.506440e+00
-4.050000e+00 8.201250e+00 5.582382e+00 5.506787e+00
-4.040000e+00 8.160800e+00 5.584557e+00 5.507150e+00
-4.030000e+00 8.120450e+00 5.586778e+00 5.507530e+00
-4.020000e+00 8.080200e+00 5.589043e+00 5.507929e+00
-4.010000e+00 8.040050e+00 5.591355e+00 5.508346e+00
-4.000000e+00 8.000000e+00 5.593713e+00 5.508782e+00
-3.990000e+00 7.960050e+00 5.596118e+00 5.509239e+00
-3.980000e+00 7.920200e+00 5.598570e+00 5.509716e+00
-3.970000e+00 7.880450e+00 5.601070e+00 5.510215e+00
-3.960000e+00 7.840800e+00 5.603618e+00 5.510737e+00
-3.950000e+00 7.801250e+00 5.606214e+00 5.511281e+00
-3.940000e+00 7.761800e+00 5.608859e+00 5.511850e+00
-3.930000e+00 7.722450e+00 5.611554e+00 5.512444e+00
-3.920000e+00 7.683200e+00 5.614298e+00 5.513064e+00
-3.910000e+00 7.644050e+00 5.617092e+00 5.513711e+00
-3.900000e+00 7.605000e+00 5.619937e+00 5.514385e+00
-3.890000e+00 7.566050e+00 5.622832e+00 5.515088e+00
-3.880000e+00 7.527200e+00 5.625777e+00 5.515820e+00
-3.870000e+00 7.488450e+00 5.628774e+00 5.516583e+00
-3.860000e+00 7.449800e+00 5.631821e+00 5.517377e+00
-3.850000e+00 7.411250e+00 5.634921e+00 5.518204e+00
-3.840000e+00 7.372800e+00 5.638071e+00 5.519064e+00
-3.830000e+00 7.334450e+00 5.641274e+00 5.519958e+00
-3.820000e+00 7.296200e+00 5.644528e+00 5.520888e+00
-3.810000e+00 7.258050e+00 5.647834e+00 5.521855e+00
-3.800000e+00 7.220000e+00 5.651192e+00 5.522859e+00
-3.790000e+00 7.182050e+00 5.654602e+00 5.523902e+00
-3.780000e+00 7.144200e+00 5.658065e+00 5.524984e+00
-3.770000e+00 7.106450e+00 5.661579e+00 5.526108e+00
-3.760000e+00 7.068800e+00 5.665145e+00 5.527273e+00
-3.750000e+00 7.031250e+00 5.668763e+00 5.528481e+00
-3.740000e+00 6.993800e+00 5.672432e+00 5.529733e+00
-3.730000e+00 6.956450e+00 5.676153e+00 5.531030e+00
-3.720000e+00 6.919200e+00 5.679926e+00 5.532373e+00
-3.710000e+00 6.882050e+00 5.683749e+00 5.533764e+00
-3.700000e+00 6.845000e+00 5.687623e+00 5.535203e+00
-3.690000e+00 6.808050e+00 5.691548e+00 5.536691e+00
-3.680000e+00 6.771200e+00 5.695523e+00 5.538229e+00
-3.670000e+00 6.734450e+00 5.699548e+00 5.539819e+00
-3.660000e+00 6.697800e+00 5.703621e+00 5.541462e+00
-3.650000e+00 6.661250e+00 5.707744e+00 5.543158e+00
-3.640000e+00 6.624800e+00 5.711915e+00 5.544908e+00
-3.630000e+00 6.588450e+00 5.716133e+00 5.546714e+00
-3.620000e+00 6.552200e+00 5.720399e+00 5.548576e+00
-3.610000e+00 6.516050e+00 5.724711e+00 5.550495e+00
-3.600000e+00 6.480000e+00 5.729068e+00 5.552472e+00
-3.590000e+00 6.444050e+00 5.733471e+00 5.554508e+00
-3.580000e+00 6.408200e+00 5.737917e+00 5.556605e+00
-3.570000e+00 6.372450e+00 5.742407e+00 5.558761e+00
-3.560000e+00 6.336800e+00 5.746939e+00 5.560979e+00
-3.550000e+00 6.301250e+00 5.751512e+00 5.563258e+00
-3.540000e+00 6.265800e+00 5.756126e+00 5.565600e+00
-3.530000e+00 6.230450e+00 5.760779e+00 5.568006e+00
-3.520000e+00 6.195200e+00 5.765470e+00 5.570474e+00
-3.510000e+00 6.160050e+00 5.770198e+00 5.573007e+00
-3.500000e+00 6.125000e+00 5.774961e+00 5.575604e+00
-3.490000e+00 6.090050e+00 5.779759e+00 5.578265e+00
-3.480000e+00 6.055200e+00 5.784590e+00 5.580991e+00
-3.470000e+00 6.020450e+00 5.789452e+00 5.583783e+00
-3.460000e+00 5.985800e+00 5.794345e+00 5.586639e+00
-3.450000e+00 5.951250e+00 5.799266e+00 5.589560e+00
-3.440000e+00 5.916800e+00 5.804215e+00 5.592546e+00
-3.430000e+00 5.882450e+00 5.809188e+00 5.595597e+00
-3.420000e+00 5.848200e+00 5.814185e+00 5.598712e+00
-3.410000e+00 5.814050e+00 5.819204e+00 5.601891e+00
-3.400000e+00 5.780000e+00 5.824244e+00 5.605134e+00
-3.390000e+00 5.746050e+00 5.829301e+00 5.608439e+00
-3.380000e+00 5.712200e+00 5.834374e+00 5.611806e+00
-3.370000e+00 5.678450e+00 5.839462e+00 5.615234e+00
-3.360000e+00 5.644800e+00 5.844562e+00 5.618723e+00
-3.350000e+00 5.611250e+00 5.849672e+00 5.622270e+00
-3.340000e+00 5.577800e+00 5.854789e+00 5.625875e+00
-3.330000e+00 5.544450e+00 5.859912e+00 5.629537e+00
-3.320000e+00 5.511200e+00 5.865038e+00 5.633253e+00
-3.310000e+00 5.478050e+00 5.870166e+00 5.637023e+00
-3.300000e+00 5.445000e+00 5.875291e+00 5.640843e+00
-3.290000e+00 5.412050e+00 5.880412e+00 5.644714e+00
-3.280000e+00 5.379200e+00 5.885527e+00 5.648631e+00
-3.270000e+00 5.346450e+00 5.890632e+00 5.652594e+00
-3.260000e+00 5.313800e+00 5.895725e+00 5.656599e+00
-3.250000e+00 5.281250e+00 5.900804e+00 5.660644e+00
-3.240000e+00 5.248800e+00 5.905865e+00 5.664726e+00
-3.230000e+00 5.216450e+00 5.910906e+00 5.668843e+00
-3.220000e+00 5.184200e+00 5.915923e+00 5.672992e+00
-3.210000e+00 5.152050e+00 5.920914e+00 5.677169e+00
-3.200000e+00 5.120000e+00 5.925876e+00 5.681370e+00
-3.190000e+00 5.088050e+00 5.930805e+00 5.685593e+00
-3.180000e+00 5.056200e+00 5.935699e+00 5.689834e+00
-3.170000e+00 5.024450e+00 5.940554e+00 5.694088e+00
-3.160000e+00 4.992800e+00 5.945367e+00 5.698352e+00
-3.150000e+00 4.961250e+00 5.950136e+00 5.702622e+00
-3.140000e+00 4.929800e+00 5.954855e+00 5.706893e+00
-3.130000e+00 4.898450e+00 5.959523e+00 5.711161e+00
-3.120000e+00 4.867200e+00 5.964135e+00 5.715422e+00
-3.110000e+00 4.836050e+00 5.968689e+00 5.719669e+00
-3.100000e+00 4.805000e+00 5.973180e+00 5.723900e+00
-3.090000e+00 4.774050e+00 5.977606e+00 5.728108e+00
-3.080000e+00 4.743200e+00 5.981962e+00 5.732288e+00
-3.070000e+00 4.712450e+00 5.986246e+00 5.736435e+00
-3.060000e+00 4.681800e+00 5.990453e+00 5.740544e+00
-3.050000e+00 4.651250e+00 5.994579e+00 5.744608e+00
-3.040000e+00 4.620800e+00 5.998622e+00 5.748624e+00
-3.030000e+00 4.590450e+00 6.002576e+00 5.752583e+00
-3.020000e+00 4.560200e+00 6.006440e+00 5.756481e+00
-3.010000e+00 4.530050e+00 6.010208e+00 5.760312e+00
-3.000000e+00 4.500000e+00 6.013878e+00 5.764070e+00
-2.990000e+00 4.470050e+00 6.017444e+00 5.767748e+00
-2.980000e+00 4.440200e+00 6.020904e+00 5.771341e+00
-2.970000e+00 4.410450e+00 6.024253e+00 5.774842e+00
-2.960000e+00 4.380800e+00 6.027489e+00 5.778244e+00
-2.950000e+00 4.351250e+00 6.030606e+00 5.781543e+00
-2.940000e+00 4.321800e+00 6.033601e+00 5.784730e+00
-2.930000e+00 4.292450e+00 6.036471e+00 5.787801e+00
-2.920000e+00 4.263200e+00 6.039211e+00 5.790748e+00
-2.910000e+00 4.234050e+00 6.041817e+00 5.793566e+00
-2.900000e+00 4.205000e+00 6.044287e+00 5.796248e+00
-2.890000e+00 4.176050e+00 6.046615e+00 5.798788e+00
-2.880000e+00 4.147200e+00 6.048799e+00 5.801180e+00
-2.870000e+00 4.118450e+00 6.050834e+00 5.803418e+00
-2.860000e+00 4.089800e+00 6.052717e+00 5.805496e+00
-2.850000e+00 4.061250e+00 6.054444e+00 5.807409e+00
-2.840000e+00 4.032800e+00 6.056012e+00 5.809149e+00
-2.830000e+00 4.004450e+00 6.057417e+00 5.810713e+00
-2.820000e+00 3.976200e+00 6.058654e+00 5.812095e+00
-2.810000e+00 3.948050e+00 6.059722e+00 5.813289e+00
-2.800000e+00 3.920000e+00 6.060616e+00 5.814290e+00
-2.790000e+00 3.892050e+00 6.061332e+00 5.815094e+00
-2.780000e+00 3.864200e+00 6.061868e+00 5.815696e+00
-2.770000e+00 3.836450e+00 6.062221e+00 5.816092e+00
-2.760000e+00 3.808800e+00 6.062386e+00 5.816278e+00
-2.750000e+00 3.781250e+00 6.062361e+00 5.816250e+00
-2.740000e+00 3.753800e+00 6.062143e+00 5.816004e+00
-2.730000e+00 3.726450e+00 6.061728e+00 5.815538e+00
-2.720000e+00 3.699200e+00 6.061114e+00 5.814849e+00
-2.710000e+00 3.672050e+00 6.060298e+00 5.813934e+00
-2.700000e+00 3.645000e+00 6.059277e+00 5.812791e+00
-2.690000e+00 3.618050e+00 6.058049e+00 5.811419e+00
-2.680000e+00 3.591200e+00 6.056611e+00 5.809816e+00
-2.670000e+00 3.564450e+00 6.054960e+00 5.807981e+00
-2.660000e+00 3.537800e+00 6.053095e+00 5.805914e+00
-2.650000e+00 3.511250e+00 6.051012e+00 5.803614e+00
-2.640000e+00 3.484800e+00 6.048710e+00 5.801083e+00
-2.630000e+00 3.458450e+00 6.046187e+00 5.798321e+00
-2.620000e+00 3.432200e+00 6.043441e+00 5.795329e+00
-2.610000e+00 3.406050e+00 6.040471e+00 5.792109e+00
-2.600000e+00 3.380000e+00 6.037274e+00 5.788663e+00
-2.590000e+00 3.354050e+00 6.033849e+00 5.784995e+00
-2.580000e+00 3.328200e+00 6.030195e+00 5.781107e+00
-2.570000e+00 3.302450e+00 6.026311e+00 5.777003e+00
-2.560000e+00 3.276800e+00 6.022195e+00 5.772688e+00
-2.550000e+00 3.251250e+00 6.017848e+00 5.768166e+00
-2.540000e+00 3.225800e+00 6.013267e+00 5.763443e+00
-2.530000e+00 3.200450e+00 6.008453e+00 5.758525e+00
-2.520000e+00 3.175200e+00 6.003405e+00 5.753417e+00
-2.510000e+00 3.150050e+00 5.998124e+00 5.748127e+00
-2.500000e+00 3.125000e+00 5.992608e+00 5.742662e+00
-2.490000e+00 3.100050e+00 5.986858e+00 5.737030e+00
-2.480000e+00 3.075200e+00 5.980874e+00 5.731240e+00
-2.470000e+00 3.050450e+00 5.974657e+00 5.725299e+00
-2.460000e+00 3.025800e+00 5.968208e+00 5.719219e+00
-2.450000e+00 3.001250e+00 5.961527e+00 5.713007e+00
-2.440000e+00 2.976800e+00 5.954615e+00 5.706675e+00
-2.430000e+00 2.952450e+00 5.947474e+00 5.700233e+00
-2.420000e+00 2.928200e+00 5.940105e+00 5.693693e+00
-2.410000e+00 2.904050e+00 5.932510e+00 5.687065e+00
-2.400000e+00 2.880000e+00 5.924690e+00 5.680362e+00
-2.390000e+00 2.856050e+00 5.916648e+00 5.673595e+00
-2.380000e+00 2.832200e+00 5.908385e+00 5.666778e+00
-2.370000e+00 2.808450e+00 5.899904e+00 5.659923e+00
-2.360000e+00 2.784800e+00 5.891208e+00 5.653044e+00
-2.350000e+00 2.761250e+00 5.882300e+00 5.646153e+00
-2.340000e+00 2.737800e+00 5.873182e+00 5.639265e+00
-2.330000e+00 2.714450e+00 5.863859e+00 5.632393e+00
-2.320000e+00 2.691200e+00 5.854332e+00 5.625551e+00
-2.310000e+00 2.668050e+00 5.844607e+00 5.618754e+00
-2.300000e+00 2.645000e+00 5.834686e+00 5.612015e+00
-2.290000e+00 2.622050e+00 5.824574e+00 5.605348e+00
-2.280000e+00 2.599200e+00 5.814276e+00 5.598769e+00
-2.270000e+00 2.576450e+00 5.803795e+00 5.592291e+00
-2.260000e+00 2.553800e+00 5.793136e+00 5.585929e+00
-2.250000e+00 2.531250e+00 5.782305e+00 5.579696e+00
-2.240000e+00 2.508800e+00 5.771306e+00 5.573607e+00
-2.230000e+00 2.486450e+00 5.760145e+00 5.567675e+00
-2.220000e+00 2.464200e+00 5.748827e+00 5.561915e+00
-2.210000e+00 2.442050e+00 5.737358e+00 5.556339e+00
-2.200000e+00 2.420000e+00 5.725744e+00 5.550960e+00
-2.190000e+00 2.398050e+00 5.713991e+00 5.545792e+00
-2.180000e+00 2.376200e+00 5.702105e+00 5.540846e+00
-2.170000e+00 2.354450e+00 5.690093e+00 5.536135e+00
-2.160000e+00 2.332800e+00 5.677961e+00 5.531670e+00
-2.150000e+00 2.311250e+00 5.665717e+00 5.527462e+00
-2.140000e+00 2.289800e+00 5.653366e+00 5.523521e+00
-2.130000e+00 2.268450e+00 5.640918e+00 5.519858e+00
-2.120000e+00 2.247200e+00 5.628378e+00 5.516481e+00
-2.110000e+00 2.226050e+00 5.615755e+00 5.513399e+00
-2.100000e+00 2.205000e+00 5.603056e+00 5.510621e+00
-2.090000e+00 2.184050e+00 5.590289e+00 5.508152e+00
-2.080000e+00 2.163200e+00 5.577463e+00 5.506000e+00
-2.070000e+00 2.142450e+00 5.564584e+00 5.504171e+00
-2.060000e+00 2.121800e+00 5.551663e+00 5.502669e+00
-2.050000e+00 2.101250e+00 5.538706e+00 5.501498e+00
-2.040000e+00 2.080800e+00 5.525723e+00 5.500662e+00
-2.030000e+00 2.060450e+00 5.512723e+00 5.500162e+00
-2.020000e+00 2.040200e+00 5.499713e+00 5.500000e+00
-2.010000e+00 2.020050e+00 5.486704e+00 5.500177e+00
-2.000000e+00 2.000000e+00 5.473705e+00 5.500691e+00
-1.990000e+00 1.980050e+00 5.460723e+00 5.501543e+00
-1.980000e+00 1.960200e+00 5.447770e+00 5.502728e+00
-1.970000e+00 1.940450e+00 5.434853e+00 5.504244e+00
-1.960000e+00 1.920800e+00 5.421983e+00 5.506087e+00
-1.950000e+00 1.901250e+00 5.409168e+00 5.508250e+00
-1.940000e+00 1.881800e+00 5.396419e+00 5.510729e+00
-1.930000e+00 1.862450e+00 5.383745e+00 5.513515e+00
-1.920000e+00 1.843200e+00 5.371155e+00 5.516601e+00
-1.910000e+00 1.824050e+00 5.358660e+00 5.519977e+00
-1.900000e+00 1.805000e+00 5.346269e+00 5.523633e+00
-1.890000e+00 1.786050e+00 5.333991e+00 5.527559e+00
-1.880000e+00 1.767200e+00 5.321836e+00 5.531742e+00
-1.870000e+00 1.748450e+00 5.309815e+00 5.536170e+00
-1.860000e+00 1.729800e+00 5.297936e+00 5.540830e+00
-1.850000e+00 1.711250e+00 5.286210e+00 5.545706e+00
-1.840000e+00 1.692800e+00 5.274645e+00 5.550785e+00
-1.830000e+00 1.674450e+00 5.263252e+00 5.556049e+00
-1.820000e+00 1.656200e+00 5.252041e+00 5.561484e+00
-1.810000e+00 1.638050e+00 5.241020e+00 5.567071e+00
-1.800000e+00 1.620000e+00 5.230199e+00 5.572793e+00
-1.790000e+00 1.602050e+00 5.219587e+00 5.578632e+00
-1.780000e+00 1.584200e+00 5.209194e+00 5.584568e+00
-1.770000e+00 1.566450e+00 5.199028e+00 5.590584e+00
-1.760000e+00 1.548800e+00 5.189100e+00 5.596659e+00
-1.750000e+00 1.531250e+00 5.179417e+00 5.602774e+00
-1.740000e+00 1.513800e+00 5.169988e+00 5.608908e+00
-1.730000e+00 1.496450e+00 5.160823e+00 5.615041e+00
-1.720000e+00 1.479200e+00 5.151929e+00 5.621153e+00
-1.710000e+00 1.462050e+00 5.143315e+00 5.627224e+00
-1.700000e+00 1.445000e+00 5.134989e+00 5.633233e+00
-1.690000e+00 1.428050e+00 5.126960e+00 5.639159e+00
-1.680000e+00 1.411200e+00 5.119233e+00 5.644983e+00
-1.670000e+00 1.394450e+00 5.111819e+00 5.650685e+00
-1.660000e+00 1.377800e+00 5.104723e+00 5.656244e+00
-1.650000e+00 1.361250e+00 5.097953e+00 5.661642e+00
-1.640000e+00 1.344800e+00 5.091515e+00 5.666860e+00
-1.630000e+00 1.328450e+00 5.085417e+00 5.671879e+00
-1.620000e+00 1.312200e+00 5.079665e+00 5.676681e+00
-1.610000e+00 1.296050e+00 5.074265e+00 5.681250e+00
-1.600000e+00 1.280000e+00 5.069223e+00 5.685569e+00
-1.590000e+00 1.264050e+00 5.064545e+00 5.689621e+00
-1.580000e+00 1.248200e+00 5.060235e+00 5.693393e+00
-1.570000e+00 1.232450e+00 5.056299e+00 5.696870e+00
-1.560000e+00 1.216800e+00 5.052742e+00 5.700040e+00
-1.550000e+00 1.201250e+00 5.049568e+00 5.702889e+00
-1.540000e+00 1.185800e+00 5.046781e+00 5.705407e+00
-1.530000e+00 1.170450e+00 5.044386e+00 5.707584e+00
-1.520000e+00 1.155200e+00 5.042385e+00 5.709412e+00
-1.510000e+00 1.140050e+00 5.040781e+00 5.710882e+00
-1.500000e+00 1.125000e+00 5.039578e+00 5.711989e+00
-1.490000e+00 1.110050e+00 5.038778e+00 5.712726e+00
-1.480000e+00 1.095200e+00 5.038382e+00 5.713091e+00
-1.470000e+00 1.080450e+00 5.038393e+00 5.713081e+00
-1.460000e+00 1.065800e+00 5.038813e+00 5.712694e+00
-1.450000e+00 1.051250e+00 5.039641e+00 5.711931e+00
-1.440000e+00 1.036800e+00 5.040879e+00 5.710792e+00
-1.430000e+00 1.022450e+00 5.042526e+00 5.709282e+00
-1.420000e+00 1.008200e+00 5.044583e+00 5.707404e+00
-1.410000e+00 9.940500e-01 5.047050e+00 5.705164e+00
-1.400000e+00 9.800000e-01 5.049924e+00 5.702568e+00
-1.390000e+00 9.660500e-01 5.053205e+00 5.699625e+00
-1.380000e+00 9.522000e-01 5.056892e+00 5.696345e+00
-1.370000e+00 9.384500e-01 5.060981e+00 5.692737e+00
-1.360000e+00 9.248000e-01 5.065471e+00 5.688815e+00
-1.350000e+00 9.112500e-01 5.070359e+00 5.684592e+00
-1.340000e+00 8.978000e-01 5.075640e+00 5.680081e+00
-1.330000e+00 8.844500e-01 5.081313e+00 5.675299e+00
-1.320000e+00 8.712000e-01 5.087371e+00 5.670262e+00
-1.310000e+00 8.580500e-01 5.093812e+00 5.664988e+00
-1.300000e+00 8.450000e-01 5.100630e+00 5.659496e+00
-1.290000e+00 8.320500e-01 5.107820e+00 5.653805e+00
-1.280000e+00 8.192000e-01 5.115375e+00 5.647936e+00
-1.270000e+00 8.064500e-01 5.123291e+00 5.641910e+00
-1.260000e+00 7.938000e-01 5.131560e+00 5.635748e+00
-1.250000e+00 7.812500e-01 5.140176e+00 5.629473e+00
-1.240000e+00 7.688000e-01 5.149132e+00 5.623108e+00
-1.230000e+00 7.564500e-01 5.158420e+00 5.616677e+00
-1.220000e+00 7.442000e-01 5.168031e+00 5.610203e+00
-1.210000e+00 7.320500e-01 5.177959e+00 5.603711e+00
-1.200000e+00 7.200000e-01 5.188193e+00 5.597224e+00
-1.190000e+00 7.080500e-01 5.198726e+00 5.590766e+00
-1.180000e+00 6.962000e-01 5.209547e+00 5.584363e+00
-1.170000e+00 6.844500e-01 5.220647e+00 5.578038e+00
-1.160000e+00 6.728000e-01 5.232016e+00 5.571815e+00
-1.150000e+00 6.612500e-01 5.243644e+00 5.565718e+00
-1.140000e+00 6.498000e-01 5.255520e+00 5.559770e+00
-1.130000e+00 6.384500e-01 5.267633e+00 5.553994e+00
-1.120000e+00 6.272000e-01 5.279972e+00 5.548412e+00
-1.110000e+00 6.160500e-01 5.292526e+00 5.543046e+00
-1.100000e+00 6.050000e-01 5.305282e+00 5.537915e+00
-1.090000e+00 5.940500e-01 5.318229e+00 5.533041e+00
-1.080000e+00 5.832000e-01 5.331354e+00 5.528442e+00
-1.070000e+00 5.724500e-01 5.344645e+00 5.524135e+00
-1.060000e+00 5.618000e-01 5.358088e+00 5.520139e+00
-1.050000e+00 5.512500e-01 5.371673e+00 5.516468e+00
-1.040000e+00 5.408000e-01 5.385384e+00 5.513137e+00
-1.030000e+00 5.304500e-01 5.399208e+00 5.510159e+00
-1.020000e+00 5.202000e-01 5.413133e+00 5.507546e+00
-1.010000e+00 5.100500e-01 5.427145e+00 5.505308e+00
-1.000000e+00 5.000000e-01 5.441229e+00 5.503454e+00
-9.900000e-01 4.900500e-01 5.455372e+00 5.501992e+00
-9.800000e-01 4.802000e-01 5.469559e+00 5.500927e+00
-9.700000e-01 4.704500e-01 5.483777e+00 5.500263e+00
-9.600000e-01 4.608000e-01 5.498012e+00 5.500004e+00
-9.500000e-01 4.512500e-01 5.512248e+00 5.500150e+00
-9.400000e-01 4.418000e-01 5.526472e+00 5.500701e+00
-9.300000e-01 4.324500e-01 5.540670e+00 5.501654e+00
-9.200000e-01 4.232000e-01 5.554826e+00 5.503006e+00
-9.100000e-01 4.140500e-01 5.568926e+00 5.504751e+00
-9.000000e-01 4.050000e-01 5.582956e+00 5.506882e+00
-8.900000e-01 3.960500e-01 5.596902e+00 5.509390e+00
-8.800000e-01 3.872000e-01 5.610749e+00 5.512265e+00
-8.700000e-01 3.784500e-01 5.624483e+00 5.515496e+00
-8.600000e-01 3.698000e-01 5.638089e+00 5.519069e+00
-8.500000e-01 3.612500e-01 5.651553e+00 5.522968e+00
-8.400000e-01 3.528000e-01 5.664862e+00 5.527179e+00
-8.300000e-01 3.444500e-01 5.678001e+00 5.531684e+00
-8.200000e-01 3.362000e-01 5.690956e+00 5.536464e+00
-8.100000e-01 3.280500e-01 5.703715e+00 5.541500e+00
-8.000000e-01 3.200000e-01 5.716262e+00 5.546769e+00
-7.900000e-01 3.120500e-01 5.728586e+00 5.552251e+00
-7.800000e-01 3.042000e-01 5.740672e+00 5.557923e+00
-7.700000e-01 2.964500e-01 5.752508e+00 5.563760e+00
-7.600000e-01 2.888000e-01 5.764082e+00 5.569739e+00
-7.500000e-01 2.812500e-01 5.775380e+00 5.575834e+00
-7.400000e-01 2.738000e-01 5.786391e+00 5.582020e+00
-7.300000e-01 2.664500e-01 5.797103e+00 5.588270e+00
-7.200000e-01 2.592000e-01 5.807503e+00 5.594558e+00
-7.100000e-01 2.520500e-01 5.817582e+00 5.600858e+00
-7.000000e-01 2.450000e-01 5.827327e+00 5.607143e+00
-6.900000e-01 2.380500e-01 5.836728e+00 5.613385e+00
-6.800000e-01 2.312000e-01 5.845774e+00 5.619560e+00
-6.700000e-01 2.244500e-01 5.854457e+00 5.625640e+00
-6.600000e-01 2.178000e-01 5.862765e+00 5.631599e+00
-6.500000e-01 2.112500e-01 5.870690e+00 5.637411e+00
-6.400000e-01 2.048000e-01 5.878223e+00 5.643053e+00
-6.300000e-01 1.984500e-01 5.885356e+00 5.648499e+00
-6.200000e-01 1.922000e-01 5.892080e+00 5.653727e+00
-6.100000e-01 1.860500e-01 5.898388e+00 5.658713e+00
-6.000000e-01 1.800000e-01 5.904272e+00 5.663436e+00
-5.900000e-01 1.740500e-01 5.909727e+00 5.667876e+00
-5.800000e-01 1.682000e-01 5.914745e+00 5.672013e+00
-5.700000e-01 1.624500e-01 5.919321e+00 5.675830e+00
-5.600000e-01 1.568000e-01 5.923449e+00 5.679309e+00
-5.500000e-01 1.512500e-01 5.927125e+00 5.682435e+00
-5.400000e-01 1.458000e-01 5.930343e+00 5.685195e+00
-5.300000e-01 1.404500e-01 5.933101e+00 5.687577e+00
-5.200000e-01 1.352000e-01 5.935395e+00 5.689569e+00
-5.100000e-01 1.300500e-01 5.937222e+00 5.691163e+00
-5.000000e-01 1.250000e-01 5.938579e+00 5.692352e+00
-4.900000e-01 1.200500e-01 5.939465e+00 5.693129e+00
-4.800000e-01 1.152000e-01 5.939878e+00 5.693493e+00
-4.700000e-01 1.104500e-01 5.939817e+00 5.693439e+00
-4.600000e-01 1.058000e-01 5.939282e+00 5.692969e+00
-4.500000e-01 1.012500e-01 5.938274e+00 5.692084e+00
-4.400000e-01 9.680000e-02 5.936792e+00 5.690787e+00
-4.300000e-01 9.245000e-02 5.934838e+00 5.689084e+00
-4.200000e-01 8.820000e-02 5.932414e+00 5.686982e+00
-4.100000e-01 8.405000e-02 5.929522e+00 5.684489e+00
-4.000000e-01 8.000000e-02 5.926165e+00 5.681616e+00
-3.900000e-01 7.605000e-02 5.922346e+00 5.678376e+00
-3.800000e-01 7.220000e-02 5.918068e+00 5.674781e+00
-3.700000e-01 6.845000e-02 5.913337e+00 5.670848e+00
-3.600000e-01 6.480000e-02 5.908157e+00 5.666592e+00
-3.500000e-01 6.125000e-02 5.902533e+00 5.662033e+00
-3.400000e-01 5.780000e-02 5.896472e+00 5.657190e+00
-3.300000e-01 5.445000e-02 5.889979e+00 5.652084e+00
-3.200000e-01 5.120000e-02 5.883061e+00 5.646736e+00
-3.100000e-01 4.805000e-02 5.875726e+00 5.641170e+00
-3.000000e-01 4.500000e-02 5.867981e+00 5.635410e+00
-2.900000e-01 4.205000e-02 5.859835e+00 5.629481e+00
-2.800000e-01 3.920000e-02 5.851296e+00 5.623409e+00
-2.700000e-01 3.645000e-02 5.842374e+00 5.617220e+00
-2.600000e-01 3.380000e-02 5.833077e+00 5.610940e+00
-2.500000e-01 3.125000e-02 5.823416e+00 5.604598e+00
-2.400000e-01 2.880000e-02 5.813402e+00 5.598221e+00
-2.300000e-01 2.645000e-02 5.803045e+00 5.591836e+00
-2.200000e-01 2.420000e-02 5.792356e+00 5.585472e+00
-2.100000e-01 2.205000e-02 5.781346e+00 5.579156e+00
-2.000000e-01 2.000000e-02 5.770029e+00 5.572916e+00
-1.900000e-01 1.805000e-02 5.758416e+00 5.566779e+00
-1.800000e-01 1.620000e-02 5.746519e+00 5.560772e+00
-1.700000e-01 1.445000e-02 5.734352e+00 5.554921e+00
-1.600000e-01 1.280000e-02 5.721928e+00 5.549252e+00
-1.500000e-01 1.125000e-02 5.709260e+00 5.543790e+00
-1.400000e-01 9.800000e-03 5.696363e+00 5.538558e+00
-1.300000e-01 8.450000e-03 5.683250e+00 5.533581e+00
-1.200000e-01 7.200000e-03 5.669936e+00 5.528878e+00
-1.100000e-01 6.050000e-03 5.656435e+00 5.524472e+00
-1.000000e-01 5.000000e-03 5.642763e+00 5.520381e+00
-9.000000e-02 4.050000e-03 5.628933e+00 5.516624e+00
-8.000000e-02 3.200000e-03 5.614962e+00 5.513216e+00
-7.000000e-02 2.450000e-03 5.600864e+00 5.510174e+00
-6.000000e-02 1.800000e-03 5.586656e+00 5.507509e+00
-5.000000e-02 1.250000e-03 5.572352e+00 5.505235e+00
-4.000000e-02 8.000000e-04 5.557968e+00 5.503360e+00
-3.000000e-02 4.500000e-04 5.543521e+00 5.501894e+00
-2.000000e-02 2.000000e-04 5.529026e+00 5.500843e+00
-1.000000e-02 5.000000e-05 5.514499e+00 5.500210e+00
0.000000e+00 0.000000e+00 5.499957e+00 5.500000e+00
1.000000e-02 5.000000e-05 5.485414e+00 5.500213e+00
2.000000e-02 2.000000e-04 5.470887e+00 5.500848e+00
3.000000e-02 4.500000e-04 5.456392e+00 5.501902e+00
4.000000e-02 8.000000e-04 5.441945e+00 5.503370e+00
5.000000e-02 1.250000e-03 5.427563e+00 5.505247e+00
6.000000e-02 1.800000e-03 5.413259e+00 5.507524e+00
7.000000e-02 2.450000e-03 5.399051e+00 5.510191e+00
8.000000e-02 3.200000e-03 5.384954e+00 5.513235e+00
9.000000e-02 4.050000e-03 5.370984e+00 5.516645e+00
1.000000e-01 5.000000e-03 5.357155e+00 5.520405e+00
1.100000e-01 6.050000e-03 5.343484e+00 5.524497e+00
1.200000e-01 7.200000e-03 5.329984e+00 5.528905e+00
1.300000e-01 8.450000e-03 5.316671e+00 5.533610e+00
1.400000e-01 9.800000e-03 5.303559e+00 5.538589e+00
1.500000e-01 1.125000e-02 5.290663e+00 5.543822e+00
1.600000e-01 1.280000e-02 5.277997e+00 5.549285e+00
1.700000e-01 1.445000e-02 5.265575e+00 5.554955e+00
1.800000e-01 1.620000e-02 5.253409e+00 5.560807e+00
1.900000e-01 1.805000e-02 5.241514e+00 5.566815e+00
2.000000e-01 2.000000e-02 5.229903e+00 5.572953e+00
2.100000e-01 2.205000e-02 5.218587e+00 5.579193e+00
2.200000e-01 2.420000e-02 5.207580e+00 5.585510e+00
2.300000e-01 2.645000e-02 5.196893e+00 5.591874e+00
2.400000e-01 2.880000e-02 5.186537e+00 5.598259e+00
2.500000e-01 3.125000e-02 5.176525e+00 5.604636e+00
2.600000e-01 3.380000e-02 5.166866e+00 5.610978e+00
2.700000e-01 3.645000e-02 5.157572e+00 5.617257e+00
2.800000e-01 3.920000e-02 5.148652e+00 5.623446e+00
2.900000e-01 4.205000e-02 5.140115e+00 5.629517e+00
3.000000e-01 4.500000e-02 5.131971e+00 5.635445e+00
3.100000e-01 4.805000e-02 5.124229e+00 5.641204e+00
3.200000e-01 5.120000e-02 5.116896e+00 5.646768e+00
3.300000e-01 5.445000e-02 5.109981e+00 5.652115e+00
3.400000e-01 5.780000e-02 5.103491e+00 5.657220e+00
3.500000e-01 6.125000e-02 5.097432e+00 5.662061e+00
3.600000e-01 6.480000e-02 5.091811e+00 5.666618e+00
3.700000e-01 6.845000e-02 5.086633e+00 5.670872e+00
3.800000e-01 7.220000e-02 5.081905e+00 5.674803e+00
3.900000e-01 7.605000e-02 5.077631e+00 5.678396e+00
4.000000e-01 8.000000e-02 5.073814e+00 5.681634e+00
4.100000e-01 8.405000e-02 5.070460e+00 5.684505e+00
4.200000e-01 8.820000e-02 5.067571e+00 5.686995e+00
4.300000e-01 9.245000e-02 5.065149e+00 5.689095e+00
4.400000e-01 9.680000e-02 5.063198e+00 5.690796e+00
4.500000e-01 1.012500e-01 5.061719e+00 5.692090e+00
4.600000e-01 1.058000e-01 5.060714e+00 5.692973e+00
4.700000e-01 1.104500e-01 5.060182e+00 5.693440e+00
4.800000e-01 1.152000e-01 5.060124e+00 5.693491e+00
4.900000e-01 1.200500e-01 5.060540e+00 5.693125e+00
5.000000e-01 1.250000e-01 5.061428e+00 5.692345e+00
5.100000e-01 1.300500e-01 5.062788e+00 5.691154e+00
5.200000e-01 1.352000e-01 5.064618e+00 5.689558e+00
5.300000e-01 1.404500e-01 5.066915e+00 5.687563e+00
5.400000e-01 1.458000e-01 5.069675e+00 5.685179e+00
5.500000e-01 1.512500e-01 5.072897e+00 5.682417e+00
5.600000e-01 1.568000e-01 5.076576e+00 5.679288e+00
5.700000e-01 1.624500e-01 5.080706e+00 5.675807e+00
5.800000e-01 1.682000e-01 5.085285e+00 5.671989e+00
5.900000e-01 1.740500e-01 5.090306e+00 5.667849e+00
6.000000e-01 1.800000e-01 5.095763e+00 5.663408e+00
6.100000e-01 1.860500e-01 5.101650e+00 5.658683e+00
6.200000e-01 1.922000e-01 5.107960e+00 5.653695e+00
6.300000e-01 1.984500e-01 5.114687e+00 5.648466e+00
6.400000e-01 2.048000e-01 5.121822e+00 5.643019e+00
6.500000e-01 2.112500e-01 5.129357e+00 5.637376e+00
6.600000e-01 2.178000e-01 5.137285e+00 5.631562e+00
6.700000e-01 2.244500e-01 5.145596e+00 5.625602e+00
6.800000e-01 2.312000e-01 5.154280e+00 5.619522e+00
6.900000e-01 2.380500e-01 5.163329e+00 5.613347e+00
7.000000e-01 2.450000e-01 5.172733e+00 5.607104e+00
7.100000e-01 2.520500e-01 5.182480e+00 5.600819e+00
7.200000e-01 2.592000e-01 5.192560e+00 5.594519e+00
7.300000e-01 2.664500e-01 5.202963e+00 5.588231e+00
7.400000e-01 2.738000e-01 5.213676e+00 5.581981e+00
7.500000e-01 2.812500e-01 5.224689e+00 5.575796e+00
7.600000e-01 2.888000e-01 5.235989e+00 5.569702e+00
7.700000e-01 2.964500e-01 5.247564e+00 5.563724e+00
7.800000e-01 3.042000e-01 5.259402e+00 5.557887e+00
7.900000e-01 3.120500e-01 5.271490e+00 5.552217e+00
8.000000e-01 3.200000e-01 5.283815e+00 5.546736e+00
8.100000e-01 3.280500e-01 5.296364e+00 5.541468e+00
8.200000e-01 3.362000e-01 5.309123e+00 5.536434e+00
8.300000e-01 3.444500e-01 5.322080e+00 5.531656e+00
8.400000e-01 3.528000e-01 5.335220e+00 5.527152e+00
8.500000e-01 3.612500e-01 5.348530e+00 5.522943e+00
8.600000e-01 3.698000e-01 5.361995e+00 5.519045e+00
8.700000e-01 3.784500e-01 5.375602e+00 5.515475e+00
8.800000e-01 3.872000e-01 5.389337e+00 5.512246e+00
8.900000e-01 3.960500e-01 5.403184e+00 5.509373e+00
9.000000e-01 4.050000e-01 5.417131e+00 5.506867e+00
9.100000e-01 4.140500e-01 5.431161e+00 5.504739e+00
9.200000e-01 4.232000e-01 5.445262e+00 5.502996e+00
9.300000e-01 4.324500e-01 5.459419e+00 5.501647e+00
9.400000e-01 4.418000e-01 5.473616e+00 5.500696e+00
9.500000e-01 4.512500e-01 5.487840e+00 5.500148e+00
9.600000e-01 4.608000e-01 5.502077e+00 5.500004e+00
9.700000e-01 4.704500e-01 5.516311e+00 5.500266e+00
9.800000e-01 4.802000e-01 5.530529e+00 5.500932e+00
9.900000e-01 4.900500e-01 5.544717e+00 5.502000e+00
1.000000e+00 5.000000e-01 5.558859e+00 5.503464e+00
1.010000e+00 5.100500e-01 5.572943e+00 5.505321e+00
1.020000e+00 5.202000e-01 5.586954e+00 5.507561e+00
1.030000e+00 5.304500e-01 5.600878e+00 5.510176e+00
1.040000e+00 5.408000e-01 5.614702e+00 5.513157e+00
1.050000e+00 5.512500e-01 5.628413e+00 5.516490e+00
1.060000e+00 5.618000e-01 5.641996e+00 5.520163e+00
1.070000e+00 5.724500e-01 5.655439e+00 5.524161e+00
1.080000e+00 5.832000e-01 5.668729e+00 5.528469e+00
1.090000e+00 5.940500e-01 5.681853e+00 5.533071e+00
1.100000e+00 6.050000e-01 5.694799e+00 5.537947e+00
1.110000e+00 6.160500e-01 5.707554e+00 5.543078e+00
1.120000e+00 6.272000e-01 5.720106e+00 5.548447e+00
1.130000e+00 6.384500e-01 5.732443e+00 5.554030e+00
1.140000e+00 6.498000e-01 5.744555e+00 5.559807e+00
1.150000e+00 6.612500e-01 5.756430e+00 5.565756e+00
1.160000e+00 6.728000e-01 5.768056e+00 5.571854e+00
1.170000e+00 6.844500e-01 5.779424e+00 5.578078e+00
1.180000e+00 6.962000e-01 5.790522e+00 5.584403e+00
1.190000e+00 7.080500e-01 5.801341e+00 5.590807e+00
1.200000e+00 7.200000e-01 5.811872e+00 5.597264e+00
1.210000e+00 7.320500e-01 5.822105e+00 5.603751e+00
1.220000e+00 7.442000e-01 5.832030e+00 5.610244e+00
1.230000e+00 7.564500e-01 5.841640e+00 5.616718e+00
1.240000e+00 7.688000e-01 5.850925e+00 5.623148e+00
1.250000e+00 7.812500e-01 5.859879e+00 5.629513e+00
1.260000e+00 7.938000e-01 5.868492e+00 5.635787e+00
1.270000e+00 8.064500e-01 5.876760e+00 5.641948e+00
1.280000e+00 8.192000e-01 5.884673e+00 5.647973e+00
1.290000e+00 8.320500e-01 5.892226e+00 5.653842e+00
1.300000e+00 8.450000e-01 5.899414e+00 5.659531e+00
1.310000e+00 8.580500e-01 5.906229e+00 5.665022e+00
1.320000e+00 8.712000e-01 5.912667e+00 5.670294e+00
1.330000e+00 8.844500e-01 5.918724e+00 5.675329e+00
1.340000e+00 8.978000e-01 5.924393e+00 5.680110e+00
1.350000e+00 9.112500e-01 5.929673e+00 5.684618e+00
1.360000e+00 9.248000e-01 5.934557e+00 5.688840e+00
1.370000e+00 9.384500e-01 5.939045e+00 5.692760e+00
1.380000e+00 9.522000e-01 5.943131e+00 5.696366e+00
1.390000e+00 9.660500e-01 5.946815e+00 5.699644e+00
1.400000e+00 9.800000e-01 5.950094e+00 5.702584e+00
1.410000e+00 9.940500e-01 5.952966e+00 5.705178e+00
1.420000e+00 1.008200e+00 5.955429e+00 5.707416e+00
1.430000e+00 1.022450e+00 5.957484e+00 5.709291e+00
1.440000e+00 1.036800e+00 5.959129e+00 5.710799e+00
1.450000e+00 1.051250e+00 5.960364e+00 5.711935e+00
1.460000e+00 1.065800e+00 5.961189e+00 5.712695e+00
1.470000e+00 1.080450e+00 5.961606e+00 5.713080e+00
1.480000e+00 1.095200e+00 5.961614e+00 5.713088e+00
1.490000e+00 1.110050e+00 5.961216e+00 5.712720e+00
1.500000e+00 1.125000e+00 5.960413e+00 5.711980e+00
1.510000e+00 1.140050e+00 5.959207e+00 5.710871e+00
1.520000e+00 1.155200e+00 5.957601e+00 5.709398e+00
1.530000e+00 1.170450e+00 5.955597e+00 5.707569e+00
1.540000e+00 1.185800e+00 5.953199e+00 5.705389e+00
1.550000e+00 1.201250e+00 5.950409e+00 5.702868e+00
1.560000e+00 1.216800e+00 5.947233e+00 5.700017e+00
1.570000e+00 1.232450e+00 5.943673e+00 5.696846e+00
1.580000e+00 1.248200e+00 5.939735e+00 5.693366e+00
1.590000e+00 1.264050e+00 5.935422e+00 5.689593e+00
1.600000e+00 1.280000e+00 5.930741e+00 5.685538e+00
1.610000e+00 1.296050e+00 5.925697e+00 5.681218e+00
1.620000e+00 1.312200e+00 5.920294e+00 5.676647e+00
1.630000e+00 1.328450e+00 5.914540e+00 5.671843e+00
1.640000e+00 1.344800e+00 5.908439e+00 5.666823e+00
1.650000e+00 1.361250e+00 5.902000e+00 5.661604e+00
1.660000e+00 1.377800e+00 5.895227e+00 5.656204e+00
1.670000e+00 1.394450e+00 5.888129e+00 5.650644e+00
1.680000e+00 1.411200e+00 5.880712e+00 5.644941e+00
1.690000e+00 1.428050e+00 5.872983e+00 5.639117e+00
1.700000e+00 1.445000e+00 5.864951e+00 5.633190e+00
1.710000e+00 1.462050e+00 5.856623e+00 5.627180e+00
1.720000e+00 1.479200e+00 5.848007e+00 5.621109e+00
1.730000e+00 1.496450e+00 5.839112e+00 5.614997e+00
1.740000e+00 1.513800e+00 5.829944e+00 5.608863e+00
1.750000e+00 1.531250e+00 5.820514e+00 5.602729e+00
1.760000e+00 1.548800e+00 5.810829e+00 5.596615e+00
1.770000e+00 1.566450e+00 5.800899e+00 5.590540e+00
1.780000e+00 1.584200e+00 5.790732e+00 5.584525e+00
1.790000e+00 1.602050e+00 5.780337e+00 5.578589e+00
1.800000e+00 1.620000e+00 5.769724e+00 5.572751e+00
1.810000e+00 1.638050e+00 5.758901e+00 5.567030e+00
1.820000e+00 1.656200e+00 5.747878e+00 5.561444e+00
1.830000e+00 1.674450e+00 5.736665e+00 5.556010e+00
1.840000e+00 1.692800e+00 5.725271e+00 5.550747e+00
1.850000e+00 1.711250e+00 5.713705e+00 5.545670e+00
1.860000e+00 1.729800e+00 5.701978e+00 5.540795e+00
1.870000e+00 1.748450e+00 5.690098e+00 5.536137e+00
1.880000e+00 1.767200e+00 5.678075e+00 5.531711e+00
1.890000e+00 1.786050e+00 5.665919e+00 5.527529e+00
1.900000e+00 1.805000e+00 5.653641e+00 5.523605e+00
1.910000e+00 1.824050e+00 5.641248e+00 5.519951e+00
1.920000e+00 1.843200e+00 5.628752e+00 5.516577e+00
1.930000e+00 1.862450e+00 5.616162e+00 5.513494e+00
1.940000e+00 1.881800e+00 5.603487e+00 5.510710e+00
1.950000e+00 1.901250e+00 5.590737e+00 5.508233e+00
1.960000e+00 1.920800e+00 5.577922e+00 5.506072e+00
1.970000e+00 1.940450e+00 5.565051e+00 5.504232e+00
1.980000e+00 1.960200e+00 5.552134e+00 5.502718e+00
1.990000e+00 1.980050e+00 5.539180e+00 5.501535e+00
2.000000e+00 2.000000e+00 5.526199e+00 5.500686e+00
2.010000e+00 2.020050e+00 5.513199e+00 5.500174e+00
2.020000e+00 2.040200e+00 5.500189e+00 5.500000e+00
2.030000e+00 2.060450e+00 5.487180e+00 5.500164e+00
2.040000e+00 2.080800e+00 5.474180e+00 5.500667e+00
2.050000e+00 2.101250e+00 5.461197e+00 5.501506e+00
2.060000e+00 2.121800e+00 5.448240e+00 5.502679e+00
2.070000e+00 2.142450e+00 5.435319e+00 5.504184e+00
2.080000e+00 2.163200e+00 5.422440e+00 5.506015e+00
2.090000e+00 2.184050e+00 5.409614e+00 5.508170e+00
2.100000e+00 2.205000e+00 5.396848e+00 5.510640e+00
2.110000e+00 2.226050e+00 5.384149e+00 5.513421e+00
2.120000e+00 2.247200e+00 5.371527e+00 5.516505e+00
2.130000e+00 2.268450e+00 5.358987e+00 5.519885e+00
2.140000e+00 2.289800e+00 5.346540e+00 5.523550e+00
2.150000e+00 2.311250e+00 5.334190e+00 5.527493e+00
2.160000e+00 2.332800e+00 5.321946e+00 5.531703e+00
2.170000e+00 2.354450e+00 5.309815e+00 5.536170e+00
2.180000e+00 2.376200e+00 5.297804e+00 5.540883e+00
2.190000e+00 2.398050e+00 5.285919e+00 5.545831e+00
2.200000e+00 2.420000e+00 5.274167e+00 5.551001e+00
2.210000e+00 2.442050e+00 5.262554e+00 5.556381e+00
2.220000e+00 2.464200e+00 5.251086e+00 5.561958e+00
2.230000e+00 2.486450e+00 5.239769e+00 5.567720e+00
2.240000e+00 2.508800e+00 5.228609e+00 5.573653e+00
2.250000e+00 2.531250e+00 5.217612e+00 5.579743e+00
2.260000e+00 2.553800e+00 5.206782e+00 5.585977e+00
2.270000e+00 2.576450e+00 5.196124e+00 5.592340e+00
2.280000e+00 2.599200e+00 5.185645e+00 5.598819e+00
2.290000e+00 2.622050e+00 5.175348e+00 5.605399e+00
2.300000e+00 2.645000e+00 5.165237e+00 5.612066e+00
2.310000e+00 2.668050e+00 5.155318e+00 5.618806e+00
2.320000e+00 2.691200e+00 5.145594e+00 5.625603e+00
2.330000e+00 2.714450e+00 5.136069e+00 5.632446e+00
2.340000e+00 2.737800e+00 5.126747e+00 5.639318e+00
2.350000e+00 2.761250e+00 5.117631e+00 5.646206e+00
2.360000e+00 2.784800e+00 5.108725e+00 5.653097e+00
2.370000e+00 2.808450e+00 5.100030e+00 5.659976e+00
2.380000e+00 2.832200e+00 5.091552e+00 5.666830e+00
2.390000e+00 2.856050e+00 5.083291e+00 5.673647e+00
2.400000e+00 2.880000e+00 5.075250e+00 5.680412e+00
2.410000e+00 2.904050e+00 5.067432e+00 5.687115e+00
2.420000e+00 2.928200e+00 5.059839e+00 5.693742e+00
2.430000e+00 2.952450e+00 5.052472e+00 5.700282e+00
2.440000e+00 2.976800e+00 5.045332e+00 5.706723e+00
2.450000e+00 3.001250e+00 5.038423e+00 5.713054e+00
2.460000e+00 3.025800e+00 5.031744e+00 5.719264e+00
2.470000e+00 3.050450e+00 5.025297e+00 5.725343e+00
2.480000e+00 3.075200e+00 5.019082e+00 5.731282e+00
2.490000e+00 3.100050e+00 5.013100e+00 5.737071e+00
2.500000e+00 3.125000e+00 5.007352e+00 5.742702e+00
2.510000e+00 3.150050e+00 5.001839e+00 5.748165e+00
2.520000e+00 3.175200e+00 4.996559e+00 5.753453e+00
2.530000e+00 3.200450e+00 4.991513e+00 5.758559e+00
2.540000e+00 3.225800e+00 4.986701e+00 5.763475e+00
2.550000e+00 3.251250e+00 4.982123e+00 5.768197e+00
2.560000e+00 3.276800e+00 4.977778e+00 5.772716e+00
2.570000e+00 3.302450e+00 4.973664e+00 5.777029e+00
2.580000e+00 3.328200e+00 4.969782e+00 5.781131e+00
2.590000e+00 3.354050e+00 4.966131e+00 5.785017e+00
2.600000e+00 3.380000e+00 4.962708e+00 5.788683e+00
2.610000e+00 3.406050e+00 4.959513e+00 5.792126e+00
2.620000e+00 3.432200e+00 4.956545e+00 5.795343e+00
2.630000e+00 3.458450e+00 4.953801e+00 5.798333e+00
2.640000e+00 3.484800e+00 4.951281e+00 5.801093e+00
2.650000e+00 3.511250e+00 4.948981e+00 5.803622e+00
2.660000e+00 3.537800e+00 4.946901e+00 5.805919e+00
2.670000e+00 3.564450e+00 4.945037e+00 5.807983e+00
2.680000e+00 3.591200e+00 4.943389e+00 5.809816e+00
2.690000e+00 3.618050e+00 4.941953e+00 5.811417e+00
2.700000e+00 3.645000e+00 4.940727e+00 5.812786e+00
2.710000e+00 3.672050e+00 4.939708e+00 5.813927e+00
2.720000e+00 3.699200e+00 4.938895e+00 5.814839e+00
2.730000e+00 3.726450e+00 4.938283e+00 5.815526e+00
2.740000e+00 3.753800e+00 4.937871e+00 5.815989e+00
2.750000e+00 3.781250e+00 4.937655e+00 5.816232e+00
2.760000e+00 3.808800e+00 4.937632e+00 5.816258e+00
2.770000e+00 3.836450e+00 4.937800e+00 5.816069e+00
2.780000e+00 3.864200e+00 4.938154e+00 5.815671e+00
2.790000e+00 3.892050e+00 4.938692e+00 5.815066e+00
2.800000e+00 3.920000e+00 4.939411e+00 5.814260e+00
2.810000e+00 3.948050e+00 4.940307e+00 5.813256e+00
2.820000e+00 3.976200e+00 4.941377e+00 5.812060e+00
2.830000e+00 4.004450e+00 4.942617e+00 5.810676e+00
2.840000e+00 4.032800e+00 4.944024e+00 5.809110e+00
2.850000e+00 4.061250e+00 4.945593e+00 5.807367e+00
2.860000e+00 4.089800e+00 4.947323e+00 5.805452e+00
2.870000e+00 4.118450e+00 4.949208e+00 5.803372e+00
2.880000e+00 4.147200e+00 4.951245e+00 5.801132e+00
2.890000e+00 4.176050e+00 4.953431e+00 5.798738e+00
2.900000e+00 4.205000e+00 4.955762e+00 5.796195e+00
2.910000e+00 4.234050e+00 4.958233e+00 5.793511e+00
2.920000e+00 4.263200e+00 4.960842e+00 5.790691e+00
2.930000e+00 4.292450e+00 4.963584e+00 5.787742e+00
2.940000e+00 4.321800e+00 4.966456e+00 5.784670e+00
2.950000e+00 4.351250e+00 4.969453e+00 5.781480e+00
2.960000e+00 4.380800e+00 4.972572e+00 5.778180e+00
2.970000e+00 4.410450e+00 4.975810e+00 5.774776e+00
2.980000e+00 4.440200e+00 4.979161e+00 5.771273e+00
2.990000e+00 4.470050e+00 4.982623e+00 5.767679e+00
3.000000e+00 4.500000e+00 4.986191e+00 5.763999e+00
3.010000e+00 4.530050e+00 4.989863e+00 5.760240e+00
3.020000e+00 4.560200e+00 4.993633e+00 5.756408e+00
3.030000e+00 4.590450e+00 4.997498e+00 5.752508e+00
3.040000e+00 4.620800e+00 5.001455e+00 5.748547e+00
3.050000e+00 4.651250e+00 5.005500e+00 5.744531e+00
3.060000e+00 4.681800e+00 5.009628e+00 5.740465e+00
3.070000e+00 4.712450e+00 5.013837e+00 5.736355e+00
3.080000e+00 4.743200e+00 5.018122e+00 5.732206e+00
3.090000e+00 4.774050e+00 5.022480e+00 5.728025e+00
3.100000e+00 4.805000e+00 5.026908e+00 5.723816e+00
3.110000e+00 4.836050e+00 5.031401e+00 5.719585e+00
3.120000e+00 4.867200e+00 5.035956e+00 5.715336e+00
3.130000e+00 4.898450e+00 5.040571e+00 5.711075e+00
3.140000e+00 4.929800e+00 5.045240e+00 5.706806e+00
3.150000e+00 4.961250e+00 5.049962e+00 5.702535e+00
3.160000e+00 4.992800e+00 5.054731e+00 5.698264e+00
3.170000e+00 5.024450e+00 5.059546e+00 5.693999e+00
3.180000e+00 5.056200e+00 5.064403e+00 5.689744e+00
3.190000e+00 5.088050e+00 5.069299e+00 5.685503e+00
3.200000e+00 5.120000e+00 5.074230e+00 5.681280e+00
3.210000e+00 5.152050e+00 5.079194e+00 5.677078e+00
3.220000e+00 5.184200e+00 5.084186e+00 5.672901e+00
3.230000e+00 5.216450e+00 5.089205e+00 5.668752e+00
3.240000e+00 5.248800e+00 5.094248e+00 5.664635e+00
3.250000e+00 5.281250e+00 5.099310e+00 5.660552e+00
3.260000e+00 5.313800e+00 5.104391e+00 5.656507e+00
3.270000e+00 5.346450e+00 5.109486e+00 5.652501e+00
3.280000e+00 5.379200e+00 5.114593e+00 5.648539e+00
3.290000e+00 5.412050e+00 5.119709e+00 5.644621e+00
3.300000e+00 5.445000e+00 5.124832e+00 5.640751e+00
3.310000e+00 5.478050e+00 5.129959e+00 5.636930e+00
3.320000e+00 5.511200e+00 5.135088e+00 5.633161e+00
3.330000e+00 5.544450e+00 5.140216e+00 5.629445e+00
3.340000e+00 5.577800e+00 5.145341e+00 5.625783e+00
3.350000e+00 5.611250e+00 5.150460e+00 5.622178e+00
3.360000e+00 5.644800e+00 5.155571e+00 5.618631e+00
3.370000e+00 5.678450e+00 5.160673e+00 5.615143e+00
3.380000e+00 5.712200e+00 5.165762e+00 5.611715e+00
3.390000e+00 5.746050e+00 5.170837e+00 5.608348e+00
3.400000e+00 5.780000e+00 5.175896e+00 5.605043e+00
3.410000e+00 5.814050e+00 5.180937e+00 5.601801e+00
3.420000e+00 5.848200e+00 5.185958e+00 5.598622e+00
3.430000e+00 5.882450e+00 5.190957e+00 5.595508e+00
3.440000e+00 5.916800e+00 5.195932e+00 5.592457e+00
3.450000e+00 5.951250e+00 5.200882e+00 5.589471e+00
3.460000e+00 5.985800e+00 5.205805e+00 5.586551e+00
3.470000e+00 6.020450e+00 5.210700e+00 5.583695e+00
3.480000e+00 6.055200e+00 5.215564e+00 5.580904e+00
3.490000e+00 6.090050e+00 5.220397e+00 5.578178e+00
3.500000e+00 6.125000e+00 5.225197e+00 5.575517e+00
3.510000e+00 6.160050e+00 5.229962e+00 5.572921e+00
3.520000e+00 6.195200e+00 5.234692e+00 5.570388e+00
3.530000e+00 6.230450e+00 5.239385e+00 5.567920e+00
3.540000e+00 6.265800e+00 5.244039e+00 5.565516e+00
3.550000e+00 6.301250e+00 5.248655e+00 5.563174e+00
3.560000e+00 6.336800e+00 5.253230e+00 5.560895e+00
3.570000e+00 6.372450e+00 5.257764e+00 5.558678e+00
3.580000e+00 6.408200e+00 5.262256e+00 5.556522e+00
3.590000e+00 6.444050e+00 5.266705e+00 5.554427e+00
3.600000e+00 6.480000e+00 5.271109e+00 5.552391e+00
3.610000e+00 6.516050e+00 5.275469e+00 5.550414e+00
3.620000e+00 6.552200e+00 5.279783e+00 5.548495e+00
3.630000e+00 6.588450e+00 5.284051e+00 5.546634e+00
3.640000e+00 6.624800e+00 5.288272e+00 5.544829e+00
3.650000e+00 6.661250e+00 5.292445e+00 5.543079e+00
3.660000e+00 6.697800e+00 5.296570e+00 5.541384e+00
3.670000e+00 6.734450e+00 5.300646e+00 5.539742e+00
3.680000e+00 6.771200e+00 5.304673e+00 5.538153e+00
3.690000e+00 6.808050e+00 5.308650e+00 5.536615e+00
3.700000e+00 6.845000e+00 5.312577e+00 5.535127e+00
3.710000e+00 6.882050e+00 5.316454e+00 5.533689e+00
3.720000e+00 6.919200e+00 5.320280e+00 5.532299e+00
3.730000e+00 6.956450e+00 5.324055e+00 5.530957e+00
3.740000e+00 6.993800e+00 5.327779e+00 5.529660e+00
3.750000e+00 7.031250e+00 5.331451e+00 5.528409e+00
3.760000e+00 7.068800e+00 5.335072e+00 5.527201e+00
3.770000e+00 7.106450e+00 5.338641e+00 5.526037e+00
3.780000e+00 7.144200e+00 5.342158e+00 5.524914e+00
3.790000e+00 7.182050e+00 5.345624e+00 5.523832e+00
3.800000e+00 7.220000e+00 5.349037e+00 5.522790e+00
3.810000e+00 7.258050e+00 5.352399e+00 5.521786e+00
3.820000e+00 7.296200e+00 5.355708e+00 5.520820e+00
3.830000e+00 7.334450e+00 5.358966e+00 5.519891e+00
3.840000e+00 7.372800e+00 5.362172e+00 5.518997e+00
3.850000e+00 7.411250e+00 5.365326e+00 5.518137e+00
3.860000e+00 7.449800e+00 5.368429e+00 5.517311e+00
3.870000e+00 7.488450e+00 5.371480e+00 5.516517e+00
3.880000e+00 7.527200e+00 5.374481e+00 5.515755e+00
3.890000e+00 7.566050e+00 5.377430e+00 5.515023e+00
3.900000e+00 7.605000e+00 5.380329e+00 5.514321e+00
3.910000e+00 7.644050e+00 5.383178e+00 5.513647e+00
3.920000e+00 7.683200e+00 5.385976e+00 5.513001e+00
3.930000e+00 7.722450e+00 5.388725e+00 5.512382e+00
3.940000e+00 7.761800e+00 5.391424e+00 5.511789e+00
3.950000e+00 7.801250e+00 5.394074e+00 5.511220e+00
3.960000e+00 7.840800e+00 5.396676e+00 5.510676e+00
3.970000e+00 7.880450e+00 5.399229e+00 5.510155e+00
3.980000e+00 7.920200e+00 5.401734e+00 5.509656e+00
3.990000e+00 7.960050e+00 5.404191e+00 5.509179e+00
4.000000e+00 8.000000e+00 5.406601e+00 5.508723e+00
4.010000e+00 8.040050e+00 5.408965e+00 5.508287e+00
4.020000e+00 8.080200e+00 5.411282e+00 5.507871e+00
4.030000e+00 8.120450e+00 5.413554e+00 5.507473e+00
4.040000e+00 8.160800e+00 5.415780e+00 5.507093e+00
4.050000e+00 8.201250e+00 5.417961e+00 5.506730e+00
4.060000e+00 8.241800e+00 5.420099e+00 5.506384e+00
4.070000e+00 8.282450e+00 5.422192e+00 5.506054e+00
4.080000e+00 8.323200e+00 5.424242e+00 5.505739e+00
4.090000e+00 8.364050e+00 5.426249e+00 5.505439e+00
4.100000e+00 8.405000e+00 5.428214e+00 5.505153e+00
4.110000e+00 8.446050e+00 5.430137e+00 5.504881e+00
4.120000e+00 8.487200e+00 5.432019e+00 5.504621e+00
4.130000e+00 8.528450e+00 5.433861e+00 5.504374e+00
4.140000e+00 8.569800e+00 5.435662e+00 5.504139e+00
4.150000e+00 8.611250e+00 5.437424e+00 5.503916e+00
4.160000e+00 8.652800e+00 5.439147e+00 5.503703e+00
4.170000e+00 8.694450e+00 5.440832e+00 5.503501e+00
4.180000e+00 8.736200e+00 5.442479e+00 5.503309e+00
4.190000e+00 8.778050e+00 5.444088e+00 5.503126e+00
4.200000e+00 8.820000e+00 5.445661e+00 5.502953e+00
4.210000e+00 8.862050e+00 5.447198e+00 5.502788e+00
4.220000e+00 8.904200e+00 5.448699e+00 5.502632e+00
4.230000e+00 8.946450e+00 5.450166e+00 5.502483e+00
4.240000e+00 8.988800e+00 5.451598e+00 5.502343e+00
4.250000e+00 9.031250e+00 5.452996e+00 5.502209e+00
4.260000e+00 9.073800e+00 5.454361e+00 5.502083e+00
4.270000e+00 9.116450e+00 5.455694e+00 5.501963e+00
4.280000e+00 9.159200e+00 5.456994e+00 5.501849e+00
4.290000e+00 9.202050e+00 5.458263e+00 5.501742e+00
4.300000e+00 9.245000e+00 5.459501e+00 5.501640e+00
4.310000e+00 9.288050e+00 5.460709e+00 5.501544e+00
4.320000e+00 9.331200e+00 5.461887e+00 5.501453e+00
4.330000e+00 9.374450e+00 5.463036e+00 5.501366e+00
4.340000e+00 9.417800e+00 5.464156e+00 5.501285e+00
4.350000e+00 9.461250e+00 5.465248e+00 5.501208e+00
4.360000e+00 9.504800e+00 5.466312e+00 5.501135e+00
4.370000e+00 9.548450e+00 5.467350e+00 5.501066e+00
4.380000e+00 9.592200e+00 5.468361e+00 5.501001e+00
4.390000e+00 9.636050e+00 5.469346e+00 5.500940e+00
4.400000e+00 9.680000e+00 5.470306e+00 5.500882e+00
4.410000e+00 9.724050e+00 5.471241e+00 5.500827e+00
4.420000e+00 9.768200e+00 5.472152e+00 5.500776e+00
4.430000e+00 9.812450e+00 5.473039e+00 5.500727e+00
4.440000e+00 9.856800e+00 5.473902e+00 5.500681e+00
4.450000e+00 9.901250e+00 5.474743e+00 5.500638e+00
4.460000e+00 9.945800e+00 5.475562e+00 5.500597e+00
4.470000e+00 9.990450e+00 5.476359e+00 5.500559e+00
4.480000e+00 1.003520e+01 5.477135e+00 5.500523e+00
4.490000e+00 1.008005e+01 5.477890e+00 5.500489e+00
4.500000e+00 1.012500e+01 5.478624e+00 5.500457e+00
4.510000e+00 1.017005e+01 5.479339e+00 5.500427e+00
4.520000e+00 1.021520e+01 5.480035e+00 5.500399e+00
4.530000e+00 1.026045e+01 5.480712e+00 5.500372e+00
4.540000e+00 1.030580e+01 5.481370e+00 5.500347e+00
4.550000e+00 1.035125e+01 5.482011e+00 5.500324e+00
4.560000e+00 1.039680e+01 5.482634e+00 5.500302e+00
4.570000e+00 1.044245e+01 5.483240e+00 5.500281e+00
4.580000e+00 1.048820e+01 5.483830e+00 5.500261e+00
4.590000e+00 1.053405e+01 5.484403e+00 5.500243e+00
4.600000e+00 1.058000e+01 5.484961e+00 5.500226e+00
4.610000e+00 1.062605e+01 5.485503e+00 5.500210e+00
4.620000e+00 1.067220e+01 5.486031e+00 5.500195e+00
4.630000e+00 1.071845e+01 5.486544e+00 5.500181e+00
4.640000e+00 1.076480e+01 5.487043e+00 5.500168e+00
4.650000e+00 1.081125e+01 5.487529e+00 5.500156e+00
4.660000e+00 1.085780e+01 5.488001e+00 5.500144e+00
4.670000e+00 1.090445e+01 5.488460e+00 5.500133e+00
4.680000e+00 1.095120e+01 5.488907e+00 5.500123e+00
4.690000e+00 1.099805e+01 5.489342e+00 5.500114e+00
4.700000e+00 1.104500e+01 5.489765e+00 5.500105e+00
4.710000e+00 1.109205e+01 5.490176e+00 5.500097e+00
4.720000e+00 1.113920e+01 5.490577e+00 5.500089e+00
4.730000e+00 1.118645e+01 5.490967e+00 5.500082e+00
4.740000e+00 1.123380e+01 5.491347e+00 5.500075e+00
4.750000e+00 1.128125e+01 5.491717e+00 5.500069e+00
4.760000e+00 1.132880e+01 5.492077e+00 5.500063e+00
4.770000e+00 1.137645e+01 5.492428e+00 5.500057e+00
4.780000e+00 1.142420e+01 5.492770e+00 5.500052e+00
4.790000e+00 1.147205e+01 5.493104e+00 5.500048e+00
4.800000e+00 1.152000e+01 5.493429e+00 5.500043e+00
4.810000e+00 1.156805e+01 5.493747e+00 5.500039e+00
4.820000e+00 1.161620e+01 5.494057e+00 5.500035e+00
4.830000e+00 1.166445e+01 5.494359e+00 5.500032e+00
4.840000e+00 1.171280e+01 5.494655e+00 5.500029e+00
4.850000e+00 1.176125e+01 5.494944e+00 5.500026e+00
4.860000e+00 1.180980e+01 5.495226e+00 5.500023e+00
4.870000e+00 1.185845e+01 5.495503e+00 5.500020e+00
4.880000e+00 1.190720e+01 5.495774e+00 5.500018e+00
4.890000e+00 1.195605e+01 5.496040e+00 5.500016e+00
4.900000e+00 1.200500e+01 5.496300e+00 5.500014e+00
4.910000e+00 1.205405e+01 5.496555e+00 5.500012e+00
4.920000e+00 1.210320e+01 5.496807e+00 5.500010e+00
4.930000e+00 1.215245e+01 5.497053e+00 5.500009e+00
4.940000e+00 1.220180e+01 5.497296e+00 5.500007e+00
4.950000e+00 1.225125e+01 5.497536e+00 5.500006e+00
4.960000e+00 1.230080e+01 5.497772e+00 5.500005e+00
4.970000e+00 1.235045e+01 5.498004e+00 5.500004e+00
4.980000e+00 1.240020e+01 5.498235e+00 5.500003e+00
4.990000e+00 1.245005e+01 5.498462e+00 5.500002e+00
5.000000e+00 1.250000e+01 5.498688e+00 5.500002e+00
