# E = 6.5
# x, V(x), psi, |psi|^2
-5.000000e+00 1.250000e+01 6.515254e+00 6.500233e+00
-4.990000e+00 1.245005e+01 6.515415e+00 6.500238e+00
-4.980000e+00 1.240020e+01 6.515596e+00 6.500243e+00
-4.970000e+00 1.235045e+01 6.515794e+00 6.500249e+00
-4.960000e+00 1.230080e+01 6.516011e+00 6.500256e+00
-4.950000e+00 1.225125e+01 6.516246e+00 6.500264e+00
-4.940000e+00 1.220180e+01 6.516501e+00 6.500272e+00
-4.930000e+00 1.215245e+01 6.516774e+00 6.500281e+00
-4.920000e+00 1.210320e+01 6.517066e+00 6.500291e+00
-4.910000e+00 1.205405e+01 6.517377e+00 6.500302e+00
-4.900000e+00 1.200500e+01 6.517707e+00 6.500314e+00
-4.890000e+00 1.195605e+01 6.518057e+00 6.500326e+00
-4.880000e+00 1.190720e+01 6.518427e+00 6.500340e+00
-4.870000e+00 1.185845e+01 6.518816e+00 6.500354e+00
-4.860000e+00 1.180980e+01 6.519226e+00 6.500370e+00
-4.850000e+00 1.176125e+01 6.519656e+00 6.500386e+00
-4.840000e+00 1.171280e+01 6.520107e+00 6.500404e+00
-4.830000e+00 1.166445e+01 6.520579e+00 6.500423e+00
-4.820000e+00 1.161620e+01 6.521072e+00 6.500444e+00
-4.810000e+00 1.156805e+01 6.521586e+00 6.500466e+00
-4.800000e+00 1.152000e+01 6.522123e+00 6.500489e+00
-4.790000e+00 1.147205e+01 6.522681e+00 6.500514e+00
-4.780000e+00 1.142420e+01 6.523263e+00 6.500541e+00
-4.770000e+00 1.137645e+01 6.523867e+00 6.500570e+00
-4.760000e+00 1.132880e+01 6.524494e+00 6.500600e+00
-4.750000e+00 1.128125e+01 6.525145e+00 6.500632e+00
-4.740000e+00 1.123380e+01 6.525820e+00 6.500667e+00
-4.730000e+00 1.118645e+01 6.526520e+00 6.500703e+00
-4.720000e+00 1.113920e+01 6.527244e+00 6.500742e+00
-4.710000e+00 1.109205e+01 6.527994e+00 6.500784e+00
-4.700000e+00 1.104500e+01 6.528769e+00 6.500828e+00
-4.690000e+00 1.099805e+01 6.529571e+00 6.500874e+00
-4.680000e+00 1.095120e+01 6.530399e+00 6.500924e+00
-4.670000e+00 1.090445e+01 6.531254e+00 6.500977e+00
-4.660000e+00 1.085780e+01 6.532137e+00 6.501033e+00
-4.650000e+00 1.081125e+01 6.533048e+00 6.501092e+00
-4.640000e+00 1.076480e+01 6.533987e+00 6.501155e+00
-4.630000e+00 1.071845e+01 6.534956e+00 6.501222e+00
-4.620000e+00 1.067220e+01 6.535953e+00 6.501293e+00
-4.610000e+00 1.062605e+01 6.536981e+00 6.501368e+00
-4.600000e+00 1.058000e+01 6.538039e+00 6.501447e+00
-4.590000e+00 1.053405e+01 6.539129e+00 6.501531e+00
-4.580000e+00 1.048820e+01 6.540250e+00 6.501620e+00
-4.570000e+00 1.044245e+01 6.541403e+00 6.501714e+00
-4.560000e+00 1.039680e+01 6.542588e+00 6.501814e+00
-4.550000e+00 1.035125e+01 6.543807e+00 6.501919e+00
-4.540000e+00 1.030580e+01 6.545060e+00 6.502030e+00
-4.530000e+00 1.026045e+01 6.546347e+00 6.502148e+00
-4.520000e+00 1.021520e+01 6.547668e+00 6.502272e+00
-4.510000e+00 1.017005e+01 6.549025e+00 6.502403e+00
-4.500000e+00 1.012500e+01 6.550419e+00 6.502542e+00
-4.490000e+00 1.008005e+01 6.551848e+00 6.502688e+00
-4.480000e+00 1.003520e+01 6.553315e+00 6.502842e+00
-4.470000e+00 9.990450e+00 6.554820e+00 6.503005e+00
-4.460000e+00 9.945800e+00 6.556362e+00 6.503177e+00
-4.450000e+00 9.901250e+00 6.557944e+00 6.503358e+00
-4.440000e+00 9.856800e+00 6.559565e+00 6.503548e+00
-4.430000e+00 9.812450e+00 6.561226e+00 6.503749e+00
-4.420000e+00 9.768200e+00 6.562928e+00 6.503960e+00
-4.410000e+00 9.724050e+00 6.564670e+00 6.504182e+00
-4.400000e+00 9.680000e+00 6.566455e+00 6.504416e+00
-4.390000e+00 9.636050e+00 6.568281e+00 6.504662e+00
-4.380000e+00 9.592200e+00 6.570151e+00 6.504921e+00
-4.370000e+00 9.548450e+00 6.572064e+00 6.505193e+00
-4.360000e+00 9.504800e+00 6.574021e+00 6.505479e+00
-4.350000e+00 9.461250e+00 6.576022e+00 6.505779e+00
-4.340000e+00 9.417800e+00 6.578068e+00 6.506095e+00
-4.330000e+00 9.374450e+00 6.580160e+00 6.506426e+00
-4.320000e+00 9.331200e+00 6.582298e+00 6.506773e+00
-4.310000e+00 9.288050e+00 6.584483e+00 6.507137e+00
-4.300000e+00 9.245000e+00 6.586714e+00 6.507519e+00
-4.290000e+00 9.202050e+00 6.588994e+00 6.507920e+00
-4.280000e+00 9.159200e+00 6.591321e+00 6.508340e+00
-4.270000e+00 9.116450e+00 6.593697e+00 6.508779e+00
-4.260000e+00 9.073800e+00 6.596122e+00 6.509239e+00
-4.250000e+00 9.031250e+00 6.598597e+00 6.509721e+00
-4.240000e+00 8.988800e+00 6.601121e+00 6.510225e+00
-4.230000e+00 8.946450e+00 6.603696e+00 6.510753e+00
-4.220000e+00 8.904200e+00 6.606321e+00 6.511304e+00
-4.210000e+00 8.862050e+00 6.608998e+00 6.511880e+00
-4.200000e+00 8.820000e+00 6.611726e+00 6.512483e+00
-4.190000e+00 8.778050e+00 6.614506e+00 6.513112e+00
-4.180000e+00 8.736200e+00 6.617338e+00 6.513768e+00
-4.170000e+00 8.694450e+00 6.620222e+00 6.514453e+00
-4.160000e+00 8.652800e+00 6.623159e+00 6.515168e+00
-4.150000e+00 8.611250e+00 6.626150e+00 6.515914e+00
-4.140000e+00 8.569800e+00 6.629193e+00 6.516691e+00
-4.130000e+00 8.528450e+00 6.632290e+00 6.517501e+00
-4.120000e+00 8.487200e+00 6.635441e+00 6.518344e+00
-4.110000e+00 8.446050e+00 6.638646e+00 6.519223e+00
-4.100000e+00 8.405000e+00 6.641904e+00 6.520137e+00
-4.090000e+00 8.364050e+00 6.645217e+00 6.521088e+00
-4.080000e+00 8.323200e+00 6.648584e+00 6.522077e+00
-4.070000e+00 8.282450e+00 6.652004e+00 6.523105e+00
-4.060000e+00 8.241800e+00 6.655480e+00 6.524174e+00
-4.050000e+00 8.201250e+00 6.659009e+00 6.525284e+00
-4.040000e+00 8.160800e+00 6.662592e+00 6.526436e+00
-4.030000e+00 8.120450e+00 6.666229e+00 6.527632e+00
-4.020000e+00 8.080200e+00 6.669921e+00 6.528873e+00
-4.010000e+00 8.040050e+00 6.673666e+00 6.530160e+00
-4.000000e+00 8.000000e+00 6.677464e+00 6.531493e+00
-3.990000e+00 7.960050e+00 6.681316e+00 6.532875e+00
-3.980000e+00 7.920200e+00 6.685220e+00 6.534307e+00
-3.970000e+00 7.880450e+00 6.689177e+00 6.535788e+00
-3.960000e+00 7.840800e+00 6.693187e+00 6.537321e+00
-3.950000e+00 7.801250e+00 6.697248e+00 6.538907e+00
-3.940000e+00 7.761800e+00 6.701361e+00 6.540546e+00
-3.930000e+00 7.722450e+00 6.705524e+00 6.542240e+00
-3.920000e+00 7.683200e+00 6.709737e+00 6.543990e+00
-3.910000e+00 7.644050e+00 6.714001e+00 6.545796e+00
-3.900000e+00 7.605000e+00 6.718313e+00 6.547661e+00
-3.890000e+00 7.566050e+00 6.722673e+00 6.549583e+00
-3.880000e+00 7.527200e+00 6.727081e+00 6.551566e+00
-3.870000e+00 7.488450e+00 6.731536e+00 6.553609e+00
-3.860000e+00 7.449800e+00 6.736036e+00 6.555713e+00
-3.850000e+00 7.411250e+00 6.740581e+00 6.557879e+00
-3.840000e+00 7.372800e+00 6.745170e+00 6.560108e+00
-3.830000e+00 7.334450e+00 6.749802e+00 6.562401e+00
-3.820000e+00 7.296200e+00 6.754475e+00 6.564758e+00
-3.810000e+00 7.258050e+00 6.759189e+00 6.567179e+00
-3.800000e+00 7.220000e+00 6.763943e+00 6.569666e+00
-3.790000e+00 7.182050e+00 6.768734e+00 6.572218e+00
-3.780000e+00 7.144200e+00 6.773562e+00 6.574836e+00
-3.770000e+00 7.106450e+00 6.778425e+00 6.577521e+00
-3.760000e+00 7.068800e+00 6.783322e+00 6.580271e+00
-3.750000e+00 7.031250e+00 6.788251e+00 6.583089e+00
-3.740000e+00 6.993800e+00 6.793211e+00 6.585973e+00
-3.730000e+00 6.956450e+00 6.798200e+00 6.588923e+00
-3.720000e+00 6.919200e+00 6.803216e+00 6.591940e+00
-3.710000e+00 6.882050e+00 6.808257e+00 6.595022e+00
-3.700000e+00 6.845000e+00 6.813322e+00 6.598171e+00
-3.690000e+00 6.808050e+00 6.818408e+00 6.601384e+00
-3.680000e+00 6.771200e+00 6.823515e+00 6.604662e+00
-3.670000e+00 6.734450e+00 6.828638e+00 6.608003e+00
-3.660000e+00 6.697800e+00 6.833777e+00 6.611407e+00
-3.650000e+00 6.661250e+00 6.838930e+00 6.614873e+00
-3.640000e+00 6.624800e+00 6.844093e+00 6.618400e+00
-3.630000e+00 6.588450e+00 6.849265e+00 6.621986e+00
-3.620000e+00 6.552200e+00 6.854443e+00 6.625630e+00
-3.610000e+00 6.516050e+00 6.859624e+00 6.629330e+00
-3.600000e+00 6.480000e+00 6.864807e+00 6.633084e+00
-3.590000e+00 6.444050e+00 6.869988e+00 6.636891e+00
-3.580000e+00 6.408200e+00 6.875166e+00 6.640749e+00
-3.570000e+00 6.372450e+00 6.880336e+00 6.644655e+00
-3.560000e+00 6.336800e+00 6.885497e+00 6.648608e+00
-3.550000e+00 6.301250e+00 6.890645e+00 6.652603e+00
-3.540000e+00 6.265800e+00 6.895777e+00 6.656639e+00
-3.530000e+00 6.230450e+00 6.900891e+00 6.660714e+00
-3.520000e+00 6.195200e+00 6.905983e+00 6.664822e+00
-3.510000e+00 6.160050e+00 6.911051e+00 6.668963e+00
-3.500000e+00 6.125000e+00 6.916090e+00 6.673131e+00
-3.490000e+00 6.090050e+00 6.921099e+00 6.677324e+00
-3.480000e+00 6.055200e+00 6.926073e+00 6.681538e+00
-3.470000e+00 6.020450e+00 6.931009e+00 6.685769e+00
-3.460000e+00 5.985800e+00 6.935903e+00 6.690012e+00
-3.450000e+00 5.951250e+00 6.940753e+00 6.694263e+00
-3.440000e+00 5.916800e+00 6.945555e+00 6.698519e+00
-3.430000e+00 5.882450e+00 6.950304e+00 6.702774e+00
-3.420000e+00 5.848200e+00 6.954998e+00 6.707023e+00
-3.410000e+00 5.814050e+00 6.959632e+00 6.711262e+00
-3.400000e+00 5.780000e+00 6.964204e+00 6.715485e+00
-3.390000e+00 5.746050e+00 6.968708e+00 6.719687e+00
-3.380000e+00 5.712200e+00 6.973142e+00 6.723864e+00
-3.370000e+00 5.678450e+00 6.977502e+00 6.728008e+00
-3.360000e+00 5.644800e+00 6.981782e+00 6.732114e+00
-3.350000e+00 5.611250e+00 6.985981e+00 6.736177e+00
-3.340000e+00 5.577800e+00 6.990093e+00 6.740191e+00
-3.330000e+00 5.544450e+00 6.994115e+00 6.744149e+00
-3.320000e+00 5.511200e+00 6.998042e+00 6.748046e+00
-3.310000e+00 5.478050e+00 7.001871e+00 6.751874e+00
-3.300000e+00 5.445000e+00 7.005597e+00 6.755628e+00
-3.290000e+00 5.412050e+00 7.009216e+00 6.759301e+00
-3.280000e+00 5.379200e+00 7.012725e+00 6.762887e+00
-3.270000e+00 5.346450e+00 7.016119e+00 6.766379e+00
-3.260000e+00 5.313800e+00 7.019394e+00 6.769770e+00
-3.250000e+00 5.281250e+00 7.022545e+00 6.773053e+00
-3.240000e+00 5.248800e+00 7.025569e+00 6.776223e+00
-3.230000e+00 5.216450e+00 7.028462e+00 6.779272e+00
-3.220000e+00 5.184200e+00 7.031219e+00 6.782193e+00
-3.210000e+00 5.152050e+00 7.033836e+00 6.784981e+00
-3.200000e+00 5.120000e+00 7.036309e+00 6.787628e+00
-3.190000e+00 5.088050e+00 7.038634e+00 6.790127e+00
-3.180000e+00 5.056200e+00 7.040807e+00 6.792473e+00
-3.170000e+00 5.024450e+00 7.042824e+00 6.794658e+00
-3.160000e+00 4.992800e+00 7.044681e+00 6.796678e+00
-3.150000e+00 4.961250e+00 7.046374e+00 6.798524e+00
-3.140000e+00 4.929800e+00 7.047898e+00 6.800192e+00
-3.130000e+00 4.898450e+00 7.049251e+00 6.801676e+00
-3.120000e+00 4.867200e+00 7.050427e+00 6.802970e+00
-3.110000e+00 4.836050e+00 7.051424e+00 6.804068e+00
-3.100000e+00 4.805000e+00 7.052237e+00 6.804966e+00
-3.090000e+00 4.774050e+00 7.052863e+00 6.805657e+00
-3.080000e+00 4.743200e+00 7.053298e+00 6.806139e+00
-3.070000e+00 4.712450e+00 7.053539e+00 6.806405e+00
-3.060000e+00 4.681800e+00 7.053582e+00 6.806453e+00
-3.050000e+00 4.651250e+00 7.053423e+00 6.806277e+00
-3.040000e+00 4.620800e+00 7.053060e+00 6.805875e+00
-3.030000e+00 4.590450e+00 7.052489e+00 6.805244e+00
-3.020000e+00 4.560200e+00 7.051707e+00 6.804381e+00
-3.010000e+00 4.530050e+00 7.050711e+00 6.803283e+00
-3.000000e+00 4.500000e+00 7.049498e+00 6.801949e+00
-2.990000e+00 4.470050e+00 7.048066e+00 6.800376e+00
-2.980000e+00 4.440200e+00 7.046411e+00 6.798565e+00
-2.970000e+00 4.410450e+00 7.044530e+00 6.796513e+00
-2.960000e+00 4.380800e+00 7.042423e+00 6.794222e+00
-2.950000e+00 4.351250e+00 7.040085e+00 6.791692e+00
-2.940000e+00 4.321800e+00 7.037515e+00 6.788922e+00
-2.930000e+00 4.292450e+00 7.034711e+00 6.785916e+00
-2.920000e+00 4.263200e+00 7.031671e+00 6.782674e+00
-2.910000e+00 4.234050e+00 7.028393e+00 6.779199e+00
-2.900000e+00 4.205000e+00 7.024876e+00 6.775495e+00
-2.890000e+00 4.176050e+00 7.021118e+00 6.771564e+00
-2.880000e+00 4.147200e+00 7.017117e+00 6.767410e+00
-2.870000e+00 4.118450e+00 7.012873e+00 6.763039e+00
-2.860000e+00 4.089800e+00 7.008385e+00 6.758456e+00
-2.850000e+00 4.061250e+00 7.003652e+00 6.753666e+00
-2.840000e+00 4.032800e+00 6.998674e+00 6.748675e+00
-2.830000e+00 4.004450e+00 6.993449e+00 6.743492e+00
-2.820000e+00 3.976200e+00 6.987978e+00 6.738122e+00
-2.810000e+00 3.948050e+00 6.982261e+00 6.732575e+00
-2.800000e+00 3.920000e+00 6.976297e+00 6.726859e+00
-2.790000e+00 3.892050e+00 6.970088e+00 6.720983e+00
-2.780000e+00 3.864200e+00 6.963634e+00 6.714956e+00
-2.770000e+00 3.836450e+00 6.956935e+00 6.708790e+00
-2.760000e+00 3.808800e+00 6.949993e+00 6.702493e+00
-2.750000e+00 3.781250e+00 6.942808e+00 6.696079e+00
-2.740000e+00 3.753800e+00 6.935383e+00 6.689559e+00
-2.730000e+00 3.726450e+00 6.927719e+00 6.682944e+00
-2.720000e+00 3.699200e+00 6.919818e+00 6.676247e+00
-2.710000e+00 3.672050e+00 6.911681e+00 6.669481e+00
-2.700000e+00 3.645000e+00 6.903312e+00 6.662660e+00
-2.690000e+00 3.618050e+00 6.894712e+00 6.655798e+00
-2.680000e+00 3.591200e+00 6.885885e+00 6.648907e+00
-2.670000e+00 3.564450e+00 6.876833e+00 6.642003e+00
-2.660000e+00 3.537800e+00 6.867560e+00 6.635101e+00
-2.650000e+00 3.511250e+00 6.858070e+00 6.628214e+00
-2.640000e+00 3.484800e+00 6.848365e+00 6.621358e+00
-2.630000e+00 3.458450e+00 6.838450e+00 6.614549e+00
-2.620000e+00 3.432200e+00 6.828330e+00 6.607800e+00
-2.610000e+00 3.406050e+00 6.818008e+00 6.601129e+00
-2.600000e+00 3.380000e+00 6.807489e+00 6.594550e+00
-2.590000e+00 3.354050e+00 6.796779e+00 6.588078e+00
-2.580000e+00 3.328200e+00 6.785881e+00 6.581728e+00
-2.570000e+00 3.302450e+00 6.774803e+00 6.575516e+00
-2.560000e+00 3.276800e+00 6.763548e+00 6.569458e+00
-2.550000e+00 3.251250e+00 6.752124e+00 6.563567e+00
-2.540000e+00 3.225800e+00 6.740536e+00 6.557858e+00
-2.530000e+00 3.200450e+00 6.728790e+00 6.552345e+00
-2.520000e+00 3.175200e+00 6.716894e+00 6.547043e+00
-2.510000e+00 3.150050e+00 6.704853e+00 6.541965e+00
-2.500000e+00 3.125000e+00 6.692675e+00 6.537124e+00
-2.490000e+00 3.100050e+00 6.680367e+00 6.532532e+00
-2.480000e+00 3.075200e+00 6.667937e+00 6.528203e+00
-2.470000e+00 3.050450e+00 6.655391e+00 6.524146e+00
-2.460000e+00 3.025800e+00 6.642738e+00 6.520374e+00
-2.450000e+00 3.001250e+00 6.629987e+00 6.516896e+00
-2.440000e+00 2.976800e+00 6.617144e+00 6.513723e+00
-2.430000e+00 2.952450e+00 6.604218e+00 6.510861e+00
-2.420000e+00 2.928200e+00 6.591219e+00 6.508321e+00
-2.410000e+00 2.904050e+00 6.578154e+00 6.506108e+00
-2.400000e+00 2.880000e+00 6.565034e+00 6.504229e+00
-2.390000e+00 2.856050e+00 6.551866e+00 6.502690e+00
-2.380000e+00 2.832200e+00 6.538660e+00 6.501495e+00
-2.370000e+00 2.808450e+00 6.525426e+00 6.500647e+00
-2.360000e+00 2.784800e+00 6.512174e+00 6.500148e+00
-2.350000e+00 2.761250e+00 6.498912e+00 6.500001e+00
-2.340000e+00 2.737800e+00 6.485651e+00 6.500206e+00
-2.330000e+00 2.714450e+00 6.472401e+00 6.500762e+00
-2.320000e+00 2.691200e+00 6.459172e+00 6.501667e+00
-2.310000e+00 2.668050e+00 6.445974e+00 6.502919e+00
-2.300000e+00 2.645000e+00 6.432817e+00 6.504514e+00
-2.290000e+00 2.622050e+00 6.419712e+00 6.506446e+00
-2.280000e+00 2.599200e+00 6.406670e+00 6.508711e+00
-2.270000e+00 2.576450e+00 6.393700e+00 6.511300e+00
-2.260000e+00 2.553800e+00 6.380814e+00 6.514205e+00
-2.250000e+00 2.531250e+00 6.368022e+00 6.517418e+00
-2.240000e+00 2.508800e+00 6.355334e+00 6.520928e+00
-2.230000e+00 2.486450e+00 6.342762e+00 6.524724e+00
-2.220000e+00 2.464200e+00 6.330316e+00 6.528793e+00
-2.210000e+00 2.442050e+00 6.318007e+00 6.533121e+00
-2.200000e+00 2.420000e+00 6.305846e+00 6.537696e+00
-2.190000e+00 2.398050e+00 6.293844e+00 6.542500e+00
-2.180000e+00 2.376200e+00 6.282010e+00 6.547520e+00
-2.170000e+00 2.354450e+00 6.270356e+00 6.552736e+00
-2.160000e+00 2.332800e+00 6.258893e+00 6.558133e+00
-2.150000e+00 2.311250e+00 6.247630e+00 6.563690e+00
-2.140000e+00 2.289800e+00 6.236579e+00 6.569390e+00
-2.130000e+00 2.268450e+00 6.225750e+00 6.575213e+00
-2.120000e+00 2.247200e+00 6.215153e+00 6.581138e+00
-2.110000e+00 2.226050e+00 6.204798e+00 6.587144e+00
-2.100000e+00 2.205000e+00 6.194695e+00 6.593211e+00
-2.090000e+00 2.184050e+00 6.184855e+00 6.599316e+00
-2.080000e+00 2.163200e+00 6.175287e+00 6.605439e+00
-2.070000e+00 2.142450e+00 6.166000e+00 6.611556e+00
-2.060000e+00 2.121800e+00 6.157005e+00 6.617646e+00
-2.050000e+00 2.101250e+00 6.148309e+00 6.623686e+00
-2.040000e+00 2.080800e+00 6.139923e+00 6.629655e+00
-2.030000e+00 2.060450e+00 6.131856e+00 6.635530e+00
-2.020000e+00 2.040200e+00 6.124115e+00 6.641290e+00
-2.010000e+00 2.020050e+00 6.116709e+00 6.646912e+00
-2.000000e+00 2.000000e+00 6.109647e+00 6.652375e+00
-1.990000e+00 1.980050e+00 6.102936e+00 6.657659e+00
-1.980000e+00 1.960200e+00 6.096584e+00 6.662744e+00
-1.970000e+00 1.940450e+00 6.090599e+00 6.667609e+00
-1.960000e+00 1.920800e+00 6.084986e+00 6.672236e+00
-1.950000e+00 1.901250e+00 6.079754e+00 6.676607e+00
-1.940000e+00 1.881800e+00 6.074908e+00 6.680703e+00
-1.930000e+00 1.862450e+00 6.070455e+00 6.684509e+00
-1.920000e+00 1.843200e+00 6.066400e+00 6.688009e+00
-1.910000e+00 1.824050e+00 6.062749e+00 6.691188e+00
-1.900000e+00 1.805000e+00 6.059507e+00 6.694034e+00
-1.890000e+00 1.786050e+00 6.056679e+00 6.696534e+00
-1.880000e+00 1.767200e+00 6.054268e+00 6.698677e+00
-1.870000e+00 1.748450e+00 6.052279e+00 6.700454e+00
-1.860000e+00 1.729800e+00 6.050716e+00 6.701856e+00
-1.850000e+00 1.711250e+00 6.049581e+00 6.702877e+00
-1.840000e+00 1.692800e+00 6.048878e+00 6.703511e+00
-1.830000e+00 1.674450e+00 6.048608e+00 6.703754e+00
-1.820000e+00 1.656200e+00 6.048774e+00 6.703605e+00
-1.810000e+00 1.638050e+00 6.049377e+00 6.703061e+00
-1.800000e+00 1.620000e+00 6.050419e+00 6.702123e+00
-1.790000e+00 1.602050e+00 6.051899e+00 6.700795e+00
-1.780000e+00 1.584200e+00 6.053817e+00 6.699079e+00
-1.770000e+00 1.566450e+00 6.056175e+00 6.696981e+00
-1.760000e+00 1.548800e+00 6.058970e+00 6.694507e+00
-1.750000e+00 1.531250e+00 6.062202e+00 6.691667e+00
-1.740000e+00 1.513800e+00 6.065869e+00 6.688469e+00
-1.730000e+00 1.496450e+00 6.069969e+00 6.684926e+00
-1.720000e+00 1.479200e+00 6.074500e+00 6.681050e+00
-1.710000e+00 1.462050e+00 6.079457e+00 6.676856e+00
-1.700000e+00 1.445000e+00 6.084838e+00 6.672359e+00
-1.690000e+00 1.428050e+00 6.090639e+00 6.667576e+00
-1.680000e+00 1.411200e+00 6.096856e+00 6.662525e+00
-1.670000e+00 1.394450e+00 6.103482e+00 6.657227e+00
-1.660000e+00 1.377800e+00 6.110513e+00 6.651700e+00
-1.650000e+00 1.361250e+00 6.117943e+00 6.645967e+00
-1.640000e+00 1.344800e+00 6.125766e+00 6.640051e+00
-1.630000e+00 1.328450e+00 6.133975e+00 6.633974e+00
-1.620000e+00 1.312200e+00 6.142562e+00 6.627762e+00
-1.610000e+00 1.296050e+00 6.151520e+00 6.621438e+00
-1.600000e+00 1.280000e+00 6.160841e+00 6.615029e+00
-1.590000e+00 1.264050e+00 6.170515e+00 6.608560e+00
-1.580000e+00 1.248200e+00 6.180535e+00 6.602058e+00
-1.570000e+00 1.232450e+00 6.190890e+00 6.595549e+00
-1.560000e+00 1.216800e+00 6.201571e+00 6.589060e+00
-1.550000e+00 1.201250e+00 6.212567e+00 6.582618e+00
-1.540000e+00 1.185800e+00 6.223868e+00 6.576249e+00
-1.530000e+00 1.170450e+00 6.235462e+00 6.569980e+00
-1.520000e+00 1.155200e+00 6.247338e+00 6.563838e+00
-1.510000e+00 1.140050e+00 6.259484e+00 6.557848e+00
-1.500000e+00 1.125000e+00 6.271888e+00 6.552035e+00
-1.490000e+00 1.110050e+00 6.284537e+00 6.546424e+00
-1.480000e+00 1.095200e+00 6.297419e+00 6.541039e+00
-1.470000e+00 1.080450e+00 6.310519e+00 6.535903e+00
-1.460000e+00 1.065800e+00 6.323825e+00 6.531038e+00
-1.450000e+00 1.051250e+00 6.337322e+00 6.526464e+00
-1.440000e+00 1.036800e+00 6.350996e+00 6.522202e+00
-1.430000e+00 1.022450e+00 6.364834e+00 6.518270e+00
-1.420000e+00 1.008200e+00 6.378819e+00 6.514685e+00
-1.410000e+00 9.940500e-01 6.392937e+00 6.511462e+00
-1.400000e+00 9.800000e-01 6.407173e+00 6.508617e+00
-1.390000e+00 9.660500e-01 6.421512e+00 6.506160e+00
-1.380000e+00 9.522000e-01 6.435938e+00 6.504104e+00
-1.370000e+00 9.384500e-01 6.450434e+00 6.502457e+00
-1.360000e+00 9.248000e-01 6.464986e+00 6.501226e+00
-1.350000e+00 9.112500e-01 6.479577e+00 6.500417e+00
-1.340000e+00 8.978000e-01 6.494190e+00 6.500034e+00
-1.330000e+00 8.844500e-01 6.508810e+00 6.500078e+00
-1.320000e+00 8.712000e-01 6.523420e+00 6.500549e+00
-1.310000e+00 8.580500e-01 6.538004e+00 6.501444e+00
-1.300000e+00 8.450000e-01 6.552545e+00 6.502761e+00
-1.290000e+00 8.320500e-01 6.567027e+00 6.504493e+00
-1.280000e+00 8.192000e-01 6.581432e+00 6.506631e+00
-1.270000e+00 8.064500e-01 6.595745e+00 6.509167e+00
-1.260000e+00 7.938000e-01 6.609949e+00 6.512089e+00
-1.250000e+00 7.812500e-01 6.624028e+00 6.515383e+00
-1.240000e+00 7.688000e-01 6.637964e+00 6.519034e+00
-1.230000e+00 7.564500e-01 6.651743e+00 6.523026e+00
-1.220000e+00 7.442000e-01 6.665347e+00 6.527340e+00
-1.210000e+00 7.320500e-01 6.678761e+00 6.531955e+00
-1.200000e+00 7.200000e-01 6.691969e+00 6.536852e+00
-1.190000e+00 7.080500e-01 6.704954e+00 6.542006e+00
-1.180000e+00 6.962000e-01 6.717703e+00 6.547394e+00
-1.170000e+00 6.844500e-01 6.730198e+00 6.552991e+00
-1.160000e+00 6.728000e-01 6.742426e+00 6.558771e+00
-1.150000e+00 6.612500e-01 6.754372e+00 6.564705e+00
-1.140000e+00 6.498000e-01 6.766020e+00 6.570767e+00
-1.130000e+00 6.384500e-01 6.777358e+00 6.576927e+00
-1.120000e+00 6.272000e-01 6.788370e+00 6.583157e+00
-1.110000e+00 6.160500e-01 6.799043e+00 6.589427e+00
-1.100000e+00 6.050000e-01 6.809365e+00 6.595706e+00
-1.090000e+00 5.940500e-01 6.819321e+00 6.601966e+00
-1.080000e+00 5.832000e-01 6.828901e+00 6.608176e+00
-1.070000e+00 5.724500e-01 6.838092e+00 6.614306e+00
-1.060000e+00 5.618000e-01 6.846881e+00 6.620327e+00
-1.050000e+00 5.512500e-01 6.855259e+00 6.626209e+00
-1.040000e+00 5.408000e-01 6.863214e+00 6.631925e+00
-1.030000e+00 5.304500e-01 6.870737e+00 6.637446e+00
-1.020000e+00 5.202000e-01 6.877817e+00 6.642745e+00
-1.010000e+00 5.100500e-01 6.884444e+00 6.647798e+00
-1.000000e+00 5.000000e-01 6.890612e+00 6.652578e+00
-9.900000e-01 4.900500e-01 6.896311e+00 6.657062e+00
-9.800000e-01 4.802000e-01 6.901533e+00 6.661229e+00
-9.700000e-01 4.704500e-01 6.906272e+00 6.665057e+00
-9.600000e-01 4.608000e-01 6.910521e+00 6.668528e+00
-9.500000e-01 4.512500e-01 6.914275e+00 6.671623e+00
-9.400000e-01 4.418000e-01 6.917527e+00 6.674329e+00
-9.300000e-01 4.324500e-01 6.920273e+00 6.676630e+00
-9.200000e-01 4.232000e-01 6.922510e+00 6.678514e+00
-9.100000e-01 4.140500e-01 6.924233e+00 6.679973e+00
-9.000000e-01 4.050000e-01 6.925439e+00 6.680999e+00
-8.900000e-01 3.960500e-01 6.926127e+00 6.681585e+00
-8.800000e-01 3.872000e-01 6.926295e+00 6.681728e+00
-8.700000e-01 3.784500e-01 6.925942e+00 6.681427e+00
-8.600000e-01 3.698000e-01 6.925068e+00 6.680683e+00
-8.500000e-01 3.612500e-01 6.923672e+00 6.679498e+00
-8.400000e-01 3.528000e-01 6.921756e+00 6.677878e+00
-8.300000e-01 3.444500e-01 6.919322e+00 6.675831e+00
-8.200000e-01 3.362000e-01 6.916372e+00 6.673365e+00
-8.100000e-01 3.280500e-01 6.912908e+00 6.670493e+00
-8.000000e-01 3.200000e-01 6.908935e+00 6.667227e+00
-7.900000e-01 3.120500e-01 6.904456e+00 6.663585e+00
-7.800000e-01 3.042000e-01 6.899477e+00 6.659582e+00
-7.700000e-01 2.964500e-01 6.894003e+00 6.655238e+00
-7.600000e-01 2.888000e-01 6.888040e+00 6.650575e+00
-7.500000e-01 2.812500e-01 6.881595e+00 6.645614e+00
-7.400000e-01 2.738000e-01 6.874675e+00 6.640381e+00
-7.300000e-01 2.664500e-01 6.867289e+00 6.634901e+00
-7.200000e-01 2.592000e-01 6.859445e+00 6.629201e+00
-7.100000e-01 2.520500e-01 6.851153e+00 6.623308e+00
-7.000000e-01 2.450000e-01 6.842422e+00 6.617253e+00
-6.900000e-01 2.380500e-01 6.833262e+00 6.611064e+00
-6.800000e-01 2.312000e-01 6.823685e+00 6.604772e+00
-6.700000e-01 2.244500e-01 6.813703e+00 6.598409e+00
-6.600000e-01 2.178000e-01 6.803326e+00 6.592007e+00
-6.500000e-01 2.112500e-01 6.792569e+00 6.585597e+00
-6.400000e-01 2.048000e-01 6.781444e+00 6.579211e+00
-6.300000e-01 1.984500e-01 6.769964e+00 6.572881e+00
-6.200000e-01 1.922000e-01 6.758144e+00 6.566638e+00
-6.100000e-01 1.860500e-01 6.745999e+00 6.560515e+00
-6.000000e-01 1.800000e-01 6.733543e+00 6.554542e+00
-5.900000e-01 1.740500e-01 6.720792e+00 6.548749e+00
-5.800000e-01 1.682000e-01 6.707761e+00 6.543165e+00
-5.700000e-01 1.624500e-01 6.694467e+00 6.537818e+00
-5.600000e-01 1.568000e-01 6.680927e+00 6.532735e+00
-5.500000e-01 1.512500e-01 6.667158e+00 6.527942e+00
-5.400000e-01 1.458000e-01 6.653176e+00 6.523463e+00
-5.300000e-01 1.404500e-01 6.639000e+00 6.519321e+00
-5.200000e-01 1.352000e-01 6.624646e+00 6.515537e+00
-5.100000e-01 1.300500e-01 6.610134e+00 6.512130e+00
-5.000000e-01 1.250000e-01 6.595482e+00 6.509117e+00
-4.900000e-01 1.200500e-01 6.580708e+00 6.506514e+00
-4.800000e-01 1.152000e-01 6.565832e+00 6.504334e+00
-4.700000e-01 1.104500e-01 6.550871e+00 6.502588e+00
-4.600000e-01 1.058000e-01 6.535845e+00 6.501285e+00
-4.500000e-01 1.012500e-01 6.520773e+00 6.500432e+00
-4.400000e-01 9.680000e-02 6.505675e+00 6.500032e+00
-4.300000e-01 9.245000e-02 6.490569e+00 6.500089e+00
-4.200000e-01 8.820000e-02 6.475476e+00 6.500601e+00
-4.100000e-01 8.405000e-02 6.460414e+00 6.501567e+00
-4.000000e-01 8.000000e-02 6.445402e+00 6.502981e+00
-3.900000e-01 7.605000e-02 6.430461e+00 6.504836e+00
-3.800000e-01 7.220000e-02 6.415609e+00 6.507122e+00
-3.700000e-01 6.845000e-02 6.400866e+00 6.509828e+00
-3.600000e-01 6.480000e-02 6.386250e+00 6.512939e+00
-3.500000e-01 6.125000e-02 6.371781e+00 6.516440e+00
-3.400000e-01 5.780000e-02 6.357477e+00 6.520313e+00
-3.300000e-01 5.445000e-02 6.343356e+00 6.524537e+00
-3.200000e-01 5.120000e-02 6.329437e+00 6.529092e+00
-3.100000e-01 4.805000e-02 6.315738e+00 6.533952e+00
-3.000000e-01 4.500000e-02 6.302277e+00 6.539094e+00
-2.900000e-01 4.205000e-02 6.289071e+00 6.544491e+00
-2.800000e-01 3.920000e-02 6.276138e+00 6.550114e+00
-2.700000e-01 3.645000e-02 6.263493e+00 6.555935e+00
-2.600000e-01 3.380000e-02 6.251155e+00 6.561924e+00
-2.500000e-01 3.125000e-02 6.239138e+00 6.568049e+00
-2.400000e-01 2.880000e-02 6.227459e+00 6.574279e+00
-2.300000e-01 2.645000e-02 6.216132e+00 6.580581e+00
-2.200000e-01 2.420000e-02 6.205173e+00 6.586923e+00
-2.100000e-01 2.205000e-02 6.194596e+00 6.593272e+00
-2.000000e-01 2.000000e-02 6.184414e+00 6.599594e+00
-1.900000e-01 1.805000e-02 6.174641e+00 6.605858e+00
-1.800000e-01 1.620000e-02 6.165291e+00 6.612030e+00
-1.700000e-01 1.445000e-02 6.156374e+00 6.618079e+00
-1.600000e-01 1.280000e-02 6.147902e+00 6.623973e+00
-1.500000e-01 1.125000e-02 6.139888e+00 6.629681e+00
-1.400000e-01 9.800000e-03 6.132340e+00 6.635174e+00
-1.300000e-01 8.450000e-03 6.125270e+00 6.640422e+00
-1.200000e-01 7.200000e-03 6.118687e+00 6.645400e+00
-1.100000e-01 6.050000e-03 6.112598e+00 6.650080e+00
-1.000000e-01 5.000000e-03 6.107013e+00 6.654439e+00
-9.000000e-02 4.050000e-03 6.101938e+00 6.658453e+00
-8.000000e-02 3.200000e-03 6.097380e+00 6.662103e+00
-7.000000e-02 2.450000e-03 6.093345e+00 6.665368e+00
-6.000000e-02 1.800000e-03 6.089839e+00 6.668232e+00
-5.000000e-02 1.250000e-03 6.086866e+00 6.670680e+00
-4.000000e-02 8.000000e-04 6.084429e+00 6.672699e+00
-3.000000e-02 4.500000e-04 6.082533e+00 6.674279e+00
-2.000000e-02 2.000000e-04 6.081179e+00 6.675411e+00
-1.000000e-02 5.000000e-05 6.080370e+00 6.676090e+00
0.000000e+00 0.000000e+00 6.080106e+00 6.676311e+00
1.000000e-02 5.000000e-05 6.080388e+00 6.676074e+00
2.000000e-02 2.000000e-04 6.081215e+00 6.675381e+00
3.000000e-02 4.500000e-04 6.082587e+00 6.674234e+00
4.000000e-02 8.000000e-04 6.084501e+00 6.672639e+00
5.000000e-02 1.250000e-03 6.086955e+00 6.670606e+00
6.000000e-02 1.800000e-03 6.089946e+00 6.668144e+00
7.000000e-02 2.450000e-03 6.093470e+00 6.665266e+00
8.000000e-02 3.200000e-03 6.097522e+00 6.661988e+00
9.000000e-02 4.050000e-03 6.102097e+00 6.658326e+00
1.000000e-01 5.000000e-03 6.107189e+00 6.654300e+00
1.100000e-01 6.050000e-03 6.112792e+00 6.649930e+00
1.200000e-01 7.200000e-03 6.118897e+00 6.645240e+00
1.300000e-01 8.450000e-03 6.125496e+00 6.640253e+00
1.400000e-01 9.800000e-03 6.132582e+00 6.634996e+00
1.500000e-01 1.125000e-02 6.140145e+00 6.629495e+00
1.600000e-01 1.280000e-02 6.148175e+00 6.623781e+00
1.700000e-01 1.445000e-02 6.156661e+00 6.617881e+00
1.800000e-01 1.620000e-02 6.165593e+00 6.611828e+00
1.900000e-01 1.805000e-02 6.174958e+00 6.605652e+00
2.000000e-01 2.000000e-02 6.184745e+00 6.599386e+00
2.100000e-01 2.205000e-02 6.194940e+00 6.593062e+00
2.200000e-01 2.420000e-02 6.205530e+00 6.586713e+00
2.300000e-01 2.645000e-02 6.216501e+00 6.580372e+00
2.400000e-01 2.880000e-02 6.227840e+00 6.574071e+00
2.500000e-01 3.125000e-02 6.239531e+00 6.567844e+00
2.600000e-01 3.380000e-02 6.251558e+00 6.561723e+00
2.700000e-01 3.645000e-02 6.263907e+00 6.555740e+00
2.800000e-01 3.920000e-02 6.276561e+00 6.549925e+00
2.900000e-01 4.205000e-02 6.289504e+00 6.544308e+00
3.000000e-01 4.500000e-02 6.302719e+00 6.538920e+00
3.100000e-01 4.805000e-02 6.316188e+00 6.533787e+00
3.200000e-01 5.120000e-02 6.329895e+00 6.528936e+00
3.300000e-01 5.445000e-02 6.343821e+00 6.524392e+00
3.400000e-01 5.780000e-02 6.357948e+00 6.520179e+00
3.500000e-01 6.125000e-02 6.372258e+00 6.516318e+00
3.600000e-01 6.480000e-02 6.386733e+00 6.512830e+00
3.700000e-01 6.845000e-02 6.401353e+00 6.509731e+00
3.800000e-01 7.220000e-02 6.416100e+00 6.507039e+00
3.900000e-01 7.605000e-02 6.430956e+00 6.504767e+00
4.000000e-01 8.000000e-02 6.445899e+00 6.502927e+00
4.100000e-01 8.405000e-02 6.460913e+00 6.501528e+00
4.200000e-01 8.820000e-02 6.475976e+00 6.500577e+00
4.300000e-01 9.245000e-02 6.491070e+00 6.500080e+00
4.400000e-01 9.680000e-02 6.506176e+00 6.500038e+00
4.500000e-01 1.012500e-01 6.521274e+00 6.500453e+00
4.600000e-01 1.058000e-01 6.536345e+00 6.501321e+00
4.700000e-01 1.104500e-01 6.551369e+00 6.502639e+00
4.800000e-01 1.152000e-01 6.566327e+00 6.504399e+00
4.900000e-01 1.200500e-01 6.581201e+00 6.506594e+00
5.000000e-01 1.250000e-01 6.595971e+00 6.509210e+00
5.100000e-01 1.300500e-01 6.610619e+00 6.512237e+00
5.200000e-01 1.352000e-01 6.625126e+00 6.515657e+00
5.300000e-01 1.404500e-01 6.639474e+00 6.519453e+00
5.400000e-01 1.458000e-01 6.653644e+00 6.523606e+00
5.500000e-01 1.512500e-01 6.667619e+00 6.528096e+00
5.600000e-01 1.568000e-01 6.681381e+00 6.532899e+00
5.700000e-01 1.624500e-01 6.694914e+00 6.537991e+00
5.800000e-01 1.682000e-01 6.708199e+00 6.543347e+00
5.900000e-01 1.740500e-01 6.721220e+00 6.548938e+00
6.000000e-01 1.800000e-01 6.733962e+00 6.554738e+00
6.100000e-01 1.860500e-01 6.746408e+00 6.560717e+00
6.200000e-01 1.922000e-01 6.758543e+00 6.566844e+00
6.300000e-01 1.984500e-01 6.770352e+00 6.573090e+00
6.400000e-01 2.048000e-01 6.781820e+00 6.579422e+00
6.500000e-01 2.112500e-01 6.792933e+00 6.585810e+00
6.600000e-01 2.178000e-01 6.803678e+00 6.592220e+00
6.700000e-01 2.244500e-01 6.814041e+00 6.598622e+00
6.800000e-01 2.312000e-01 6.824010e+00 6.604983e+00
6.900000e-01 2.380500e-01 6.833573e+00 6.611271e+00
7.000000e-01 2.450000e-01 6.842719e+00 6.617456e+00
7.100000e-01 2.520500e-01 6.851435e+00 6.623507e+00
7.200000e-01 2.592000e-01 6.859713e+00 6.629393e+00
7.300000e-01 2.664500e-01 6.867542e+00 6.635087e+00
7.400000e-01 2.738000e-01 6.874912e+00 6.640559e+00
7.500000e-01 2.812500e-01 6.881816e+00 6.645783e+00
7.600000e-01 2.888000e-01 6.888244e+00 6.650734e+00
7.700000e-01 2.964500e-01 6.894191e+00 6.655387e+00
7.800000e-01 3.042000e-01 6.899649e+00 6.659719e+00
7.900000e-01 3.120500e-01 6.904611e+00 6.663710e+00
8.000000e-01 3.200000e-01 6.909073e+00 6.667340e+00
8.100000e-01 3.280500e-01 6.913029e+00 6.670593e+00
8.200000e-01 3.362000e-01 6.916475e+00 6.673452e+00
8.300000e-01 3.444500e-01 6.919408e+00 6.675903e+00
8.400000e-01 3.528000e-01 6.921825e+00 6.677936e+00
8.500000e-01 3.612500e-01 6.923723e+00 6.679541e+00
8.600000e-01 3.698000e-01 6.925101e+00 6.680711e+00
8.700000e-01 3.784500e-01 6.925958e+00 6.681440e+00
8.800000e-01 3.872000e-01 6.926293e+00 6.681726e+00
8.900000e-01 3.960500e-01 6.926107e+00 6.681568e+00
9.000000e-01 4.050000e-01 6.925402e+00 6.680966e+00
9.100000e-01 4.140500e-01 6.924177e+00 6.679926e+00
9.200000e-01 4.232000e-01 6.922437e+00 6.678453e+00
9.300000e-01 4.324500e-01 6.920183e+00 6.676553e+00
9.400000e-01 4.418000e-01 6.917419e+00 6.674238e+00
9.500000e-01 4.512500e-01 6.914149e+00 6.671520e+00
9.600000e-01 4.608000e-01 6.910379e+00 6.668411e+00
9.700000e-01 4.704500e-01 6.906113e+00 6.664927e+00
9.800000e-01 4.802000e-01 6.901357e+00 6.661087e+00
9.900000e-01 4.900500e-01 6.896118e+00 6.656909e+00
1.000000e+00 5.000000e-01 6.890403e+00 6.652414e+00
1.010000e+00 5.100500e-01 6.884219e+00 6.647624e+00
1.020000e+00 5.202000e-01 6.877575e+00 6.642563e+00
1.030000e+00 5.304500e-01 6.870480e+00 6.637256e+00
1.040000e+00 5.408000e-01 6.862943e+00 6.631727e+00
1.050000e+00 5.512500e-01 6.854973e+00 6.626006e+00
1.060000e+00 5.618000e-01 6.846580e+00 6.620118e+00
1.070000e+00 5.724500e-01 6.837776e+00 6.614093e+00
1.080000e+00 5.832000e-01 6.828572e+00 6.607959e+00
1.090000e+00 5.940500e-01 6.818979e+00 6.601747e+00
1.100000e+00 6.050000e-01 6.809009e+00 6.595486e+00
1.110000e+00 6.160500e-01 6.798675e+00 6.589207e+00
1.120000e+00 6.272000e-01 6.787989e+00 6.582938e+00
1.130000e+00 6.384500e-01 6.776965e+00 6.576710e+00
1.140000e+00 6.498000e-01 6.765617e+00 6.570552e+00
1.150000e+00 6.612500e-01 6.753958e+00 6.564494e+00
1.160000e+00 6.728000e-01 6.742002e+00 6.558565e+00
1.170000e+00 6.844500e-01 6.729764e+00 6.552791e+00
1.180000e+00 6.962000e-01 6.717259e+00 6.547201e+00
1.190000e+00 7.080500e-01 6.704502e+00 6.541821e+00
1.200000e+00 7.200000e-01 6.691508e+00 6.536675e+00
1.210000e+00 7.320500e-01 6.678292e+00 6.531788e+00
1.220000e+00 7.442000e-01 6.664871e+00 6.527183e+00
1.230000e+00 7.564500e-01 6.651260e+00 6.522880e+00
1.240000e+00 7.688000e-01 6.637476e+00 6.518900e+00
1.250000e+00 7.812500e-01 6.623533e+00 6.515261e+00
1.260000e+00 7.938000e-01 6.609450e+00 6.511979e+00
1.270000e+00 8.064500e-01 6.595242e+00 6.509071e+00
1.280000e+00 8.192000e-01 6.580925e+00 6.506549e+00
1.290000e+00 8.320500e-01 6.566516e+00 6.504424e+00
1.300000e+00 8.450000e-01 6.552032e+00 6.502707e+00
1.310000e+00 8.580500e-01 6.537489e+00 6.501405e+00
1.320000e+00 8.712000e-01 6.522904e+00 6.500525e+00
1.330000e+00 8.844500e-01 6.508293e+00 6.500069e+00
1.340000e+00 8.978000e-01 6.493672e+00 6.500040e+00
1.350000e+00 9.112500e-01 6.479059e+00 6.500439e+00
1.360000e+00 9.248000e-01 6.464469e+00 6.501262e+00
1.370000e+00 9.384500e-01 6.449918e+00 6.502508e+00
1.380000e+00 9.522000e-01 6.435424e+00 6.504170e+00
1.390000e+00 9.660500e-01 6.421001e+00 6.506241e+00
1.400000e+00 9.800000e-01 6.406665e+00 6.508711e+00
1.410000e+00 9.940500e-01 6.392433e+00 6.511571e+00
1.420000e+00 1.008200e+00 6.378319e+00 6.514806e+00
1.430000e+00 1.022450e+00 6.364338e+00 6.518404e+00
1.440000e+00 1.036800e+00 6.350506e+00 6.522348e+00
1.450000e+00 1.051250e+00 6.336838e+00 6.526622e+00
1.460000e+00 1.065800e+00 6.323347e+00 6.531206e+00
1.470000e+00 1.080450e+00 6.310048e+00 6.536082e+00
1.480000e+00 1.095200e+00 6.296955e+00 6.541227e+00
1.490000e+00 1.110050e+00 6.284082e+00 6.546621e+00
1.500000e+00 1.125000e+00 6.271441e+00 6.552239e+00
1.510000e+00 1.140050e+00 6.259046e+00 6.558059e+00
1.520000e+00 1.155200e+00 6.246909e+00 6.564055e+00
1.530000e+00 1.170450e+00 6.235043e+00 6.570202e+00
1.540000e+00 1.185800e+00 6.223459e+00 6.576475e+00
1.550000e+00 1.201250e+00 6.212169e+00 6.582847e+00
1.560000e+00 1.216800e+00 6.201184e+00 6.589291e+00
1.570000e+00 1.232450e+00 6.190514e+00 6.595781e+00
1.580000e+00 1.248200e+00 6.180171e+00 6.602291e+00
1.590000e+00 1.264050e+00 6.170164e+00 6.608792e+00
1.600000e+00 1.280000e+00 6.160502e+00 6.615259e+00
1.610000e+00 1.296050e+00 6.151194e+00 6.621666e+00
1.620000e+00 1.312200e+00 6.142249e+00 6.627986e+00
1.630000e+00 1.328450e+00 6.133676e+00 6.634193e+00
1.640000e+00 1.344800e+00 6.125481e+00 6.640264e+00
1.650000e+00 1.361250e+00 6.117673e+00 6.646174e+00
1.660000e+00 1.377800e+00 6.110257e+00 6.651900e+00
1.670000e+00 1.394450e+00 6.103241e+00 6.657418e+00
1.680000e+00 1.411200e+00 6.096629e+00 6.662708e+00
1.690000e+00 1.428050e+00 6.090428e+00 6.667749e+00
1.700000e+00 1.445000e+00 6.084643e+00 6.672521e+00
1.710000e+00 1.462050e+00 6.079277e+00 6.677007e+00
1.720000e+00 1.479200e+00 6.074336e+00 6.681190e+00
1.730000e+00 1.496450e+00 6.069822e+00 6.685053e+00
1.740000e+00 1.513800e+00 6.065738e+00 6.688584e+00
1.750000e+00 1.531250e+00 6.062087e+00 6.691768e+00
1.760000e+00 1.548800e+00 6.058871e+00 6.694594e+00
1.770000e+00 1.566450e+00 6.056093e+00 6.697054e+00
1.780000e+00 1.584200e+00 6.053752e+00 6.699138e+00
1.790000e+00 1.602050e+00 6.051850e+00 6.700839e+00
1.800000e+00 1.620000e+00 6.050386e+00 6.702152e+00
1.810000e+00 1.638050e+00 6.049362e+00 6.703075e+00
1.820000e+00 1.656200e+00 6.048776e+00 6.703603e+00
1.830000e+00 1.674450e+00 6.048626e+00 6.703738e+00
1.840000e+00 1.692800e+00 6.048913e+00 6.703480e+00
1.850000e+00 1.711250e+00 6.049633e+00 6.702830e+00
1.860000e+00 1.729800e+00 6.050784e+00 6.701795e+00
1.870000e+00 1.748450e+00 6.052364e+00 6.700378e+00
1.880000e+00 1.767200e+00 6.054369e+00 6.698587e+00
1.890000e+00 1.786050e+00 6.056797e+00 6.696429e+00
1.900000e+00 1.805000e+00 6.059641e+00 6.693916e+00
1.910000e+00 1.824050e+00 6.062900e+00 6.691057e+00
1.920000e+00 1.843200e+00 6.066567e+00 6.687864e+00
1.930000e+00 1.862450e+00 6.070638e+00 6.684352e+00
1.940000e+00 1.881800e+00 6.075107e+00 6.680534e+00
1.950000e+00 1.901250e+00 6.079968e+00 6.676427e+00
1.960000e+00 1.920800e+00 6.085216e+00 6.672046e+00
1.970000e+00 1.940450e+00 6.090843e+00 6.667409e+00
1.980000e+00 1.960200e+00 6.096844e+00 6.662535e+00
1.990000e+00 1.980050e+00 6.103210e+00 6.657442e+00
2.000000e+00 2.000000e+00 6.109936e+00 6.652150e+00
2.010000e+00 2.020050e+00 6.117012e+00 6.646680e+00
2.020000e+00 2.040200e+00 6.124431e+00 6.641052e+00
2.030000e+00 2.060450e+00 6.132186e+00 6.635287e+00
2.040000e+00 2.080800e+00 6.140267e+00 6.629408e+00
2.050000e+00 2.101250e+00 6.148666e+00 6.623436e+00
2.060000e+00 2.121800e+00 6.157374e+00 6.617393e+00
2.070000e+00 2.142450e+00 6.166382e+00 6.611301e+00
2.080000e+00 2.163200e+00 6.175680e+00 6.605183e+00
2.090000e+00 2.184050e+00 6.185260e+00 6.599061e+00
2.100000e+00 2.205000e+00 6.195112e+00 6.592957e+00
2.110000e+00 2.226050e+00 6.205226e+00 6.586892e+00
2.120000e+00 2.247200e+00 6.215591e+00 6.580888e+00
2.130000e+00 2.268450e+00 6.226199e+00 6.574967e+00
2.140000e+00 2.289800e+00 6.237038e+00 6.569149e+00
2.150000e+00 2.311250e+00 6.248098e+00 6.563454e+00
2.160000e+00 2.332800e+00 6.259370e+00 6.557903e+00
2.170000e+00 2.354450e+00 6.270842e+00 6.552513e+00
2.180000e+00 2.376200e+00 6.282504e+00 6.547304e+00
2.190000e+00 2.398050e+00 6.294346e+00 6.542294e+00
2.200000e+00 2.420000e+00 6.306356e+00 6.537498e+00
2.210000e+00 2.442050e+00 6.318524e+00 6.532934e+00
2.220000e+00 2.464200e+00 6.330840e+00 6.528615e+00
2.230000e+00 2.486450e+00 6.343292e+00 6.524558e+00
2.240000e+00 2.508800e+00 6.355869e+00 6.520774e+00
2.250000e+00 2.531250e+00 6.368562e+00 6.517276e+00
2.260000e+00 2.553800e+00 6.381360e+00 6.514076e+00
2.270000e+00 2.576450e+00 6.394250e+00 6.511183e+00
2.280000e+00 2.599200e+00 6.407224e+00 6.508607e+00
2.290000e+00 2.622050e+00 6.420271e+00 6.506357e+00
2.300000e+00 2.645000e+00 6.433379e+00 6.504438e+00
2.310000e+00 2.668050e+00 6.446538e+00 6.502858e+00
2.320000e+00 2.691200e+00 6.459738e+00 6.501621e+00
2.330000e+00 2.714450e+00 6.472970e+00 6.500731e+00
2.340000e+00 2.737800e+00 6.486221e+00 6.500190e+00
2.350000e+00 2.761250e+00 6.499483e+00 6.500000e+00
2.360000e+00 2.784800e+00 6.512745e+00 6.500162e+00
2.370000e+00 2.808450e+00 6.525998e+00 6.500676e+00
2.380000e+00 2.832200e+00 6.539232e+00 6.501539e+00
2.390000e+00 2.856050e+00 6.552437e+00 6.502750e+00
2.400000e+00 2.880000e+00 6.565604e+00 6.504304e+00
2.410000e+00 2.904050e+00 6.578723e+00 6.506197e+00
2.420000e+00 2.928200e+00 6.591786e+00 6.508425e+00
2.430000e+00 2.952450e+00 6.604783e+00 6.510979e+00
2.440000e+00 2.976800e+00 6.617705e+00 6.513855e+00
2.450000e+00 3.001250e+00 6.630545e+00 6.517042e+00
2.460000e+00 3.025800e+00 6.643294e+00 6.520533e+00
2.470000e+00 3.050450e+00 6.655943e+00 6.524318e+00
2.480000e+00 3.075200e+00 6.668484e+00 6.528387e+00
2.490000e+00 3.100050e+00 6.680910e+00 6.532728e+00
2.500000e+00 3.125000e+00 6.693213e+00 6.537331e+00
2.510000e+00 3.150050e+00 6.705386e+00 6.542183e+00
2.520000e+00 3.175200e+00 6.717421e+00 6.547272e+00
2.530000e+00 3.200450e+00 6.729311e+00 6.552584e+00
2.540000e+00 3.225800e+00 6.741050e+00 6.558105e+00
2.550000e+00 3.251250e+00 6.752632e+00 6.563823e+00
2.560000e+00 3.276800e+00 6.764049e+00 6.569722e+00
2.570000e+00 3.302450e+00 6.775296e+00 6.575788e+00
2.580000e+00 3.328200e+00 6.786367e+00 6.582006e+00
2.590000e+00 3.354050e+00 6.797256e+00 6.588361e+00
2.600000e+00 3.380000e+00 6.807959e+00 6.594838e+00
2.610000e+00 3.406050e+00 6.818469e+00 6.601422e+00
2.620000e+00 3.432200e+00 6.828782e+00 6.608097e+00
2.630000e+00 3.458450e+00 6.838893e+00 6.614849e+00
2.640000e+00 3.484800e+00 6.848798e+00 6.621660e+00
2.650000e+00 3.511250e+00 6.858493e+00 6.628518e+00
2.660000e+00 3.537800e+00 6.867974e+00 6.635405e+00
2.670000e+00 3.564450e+00 6.877237e+00 6.642308e+00
2.680000e+00 3.591200e+00 6.886278e+00 6.649211e+00
2.690000e+00 3.618050e+00 6.895095e+00 6.656100e+00
2.700000e+00 3.645000e+00 6.903683e+00 6.662960e+00
2.710000e+00 3.672050e+00 6.912042e+00 6.669778e+00
2.720000e+00 3.699200e+00 6.920167e+00 6.676540e+00
2.730000e+00 3.726450e+00 6.928057e+00 6.683233e+00
2.740000e+00 3.753800e+00 6.935710e+00 6.689843e+00
2.750000e+00 3.781250e+00 6.943123e+00 6.696358e+00
2.760000e+00 3.808800e+00 6.950295e+00 6.702766e+00
2.770000e+00 3.836450e+00 6.957225e+00 6.709055e+00
2.780000e+00 3.864200e+00 6.963912e+00 6.715214e+00
2.790000e+00 3.892050e+00 6.970354e+00 6.721232e+00
2.800000e+00 3.920000e+00 6.976550e+00 6.727100e+00
2.810000e+00 3.948050e+00 6.982501e+00 6.732807e+00
2.820000e+00 3.976200e+00 6.988205e+00 6.738344e+00
2.830000e+00 4.004450e+00 6.993663e+00 6.743703e+00
2.840000e+00 4.032800e+00 6.998875e+00 6.748876e+00
2.850000e+00 4.061250e+00 7.003841e+00 6.753855e+00
2.860000e+00 4.089800e+00 7.008560e+00 6.758634e+00
2.870000e+00 4.118450e+00 7.013035e+00 6.763205e+00
2.880000e+00 4.147200e+00 7.017265e+00 6.767563e+00
2.890000e+00 4.176050e+00 7.021252e+00 6.771704e+00
2.900000e+00 4.205000e+00 7.024997e+00 6.775622e+00
2.910000e+00 4.234050e+00 7.028500e+00 6.779313e+00
2.920000e+00 4.263200e+00 7.031765e+00 6.782774e+00
2.930000e+00 4.292450e+00 7.034791e+00 6.786001e+00
2.940000e+00 4.321800e+00 7.037581e+00 6.788994e+00
2.950000e+00 4.351250e+00 7.040137e+00 6.791748e+00
2.960000e+00 4.380800e+00 7.042461e+00 6.794264e+00
2.970000e+00 4.410450e+00 7.044555e+00 6.796540e+00
2.980000e+00 4.440200e+00 7.046422e+00 6.798577e+00
2.990000e+00 4.470050e+00 7.048063e+00 6.800373e+00
3.000000e+00 4.500000e+00 7.049482e+00 6.801930e+00
3.010000e+00 4.530050e+00 7.050681e+00 6.803250e+00
3.020000e+00 4.560200e+00 7.051663e+00 6.804332e+00
3.030000e+00 4.590450e+00 7.052431e+00 6.805180e+00
3.040000e+00 4.620800e+00 7.052988e+00 6.805796e+00
3.050000e+00 4.651250e+00 7.053338e+00 6.806183e+00
3.060000e+00 4.681800e+00 7.053482e+00 6.806343e+00
3.070000e+00 4.712450e+00 7.053426e+00 6.806280e+00
3.080000e+00 4.743200e+00 7.053171e+00 6.805999e+00
3.090000e+00 4.774050e+00 7.052723e+00 6.805502e+00
3.100000e+00 4.805000e+00 7.052083e+00 6.804796e+00
3.110000e+00 4.836050e+00 7.051256e+00 6.803884e+00
3.120000e+00 4.867200e+00 7.050246e+00 6.802771e+00
3.130000e+00 4.898450e+00 7.049057e+00 6.801463e+00
3.140000e+00 4.929800e+00 7.047691e+00 6.799965e+00
3.150000e+00 4.961250e+00 7.046153e+00 6.798283e+00
3.160000e+00 4.992800e+00 7.044447e+00 6.796423e+00
3.170000e+00 5.024450e+00 7.042578e+00 6.794390e+00
3.180000e+00 5.056200e+00 7.040548e+00 6.792192e+00
3.190000e+00 5.088050e+00 7.038362e+00 6.789833e+00
3.200000e+00 5.120000e+00 7.036023e+00 6.787321e+00
3.210000e+00 5.152050e+00 7.033537e+00 6.784662e+00
3.220000e+00 5.184200e+00 7.030908e+00 6.781863e+00
3.230000e+00 5.216450e+00 7.028138e+00 6.778930e+00
3.240000e+00 5.248800e+00 7.025233e+00 6.775869e+00
3.250000e+00 5.281250e+00 7.022196e+00 6.772689e+00
3.260000e+00 5.313800e+00 7.019032e+00 6.769395e+00
3.270000e+00 5.346450e+00 7.015745e+00 6.765993e+00
3.280000e+00 5.379200e+00 7.012339e+00 6.762492e+00
3.290000e+00 5.412050e+00 7.008818e+00 6.758896e+00
3.300000e+00 5.445000e+00 7.005187e+00 6.755214e+00
3.310000e+00 5.478050e+00 7.001449e+00 6.751451e+00
3.320000e+00 5.511200e+00 6.997608e+00 6.747614e+00
3.330000e+00 5.544450e+00 6.993669e+00 6.743709e+00
3.340000e+00 5.577800e+00 6.989636e+00 6.739743e+00
3.350000e+00 5.611250e+00 6.985512e+00 6.735722e+00
3.360000e+00 5.644800e+00 6.981302e+00 6.731652e+00
3.370000e+00 5.678450e+00 6.977010e+00 6.727538e+00
3.380000e+00 5.712200e+00 6.972639e+00 6.723387e+00
3.390000e+00 5.746050e+00 6.968194e+00 6.719205e+00
3.400000e+00 5.780000e+00 6.963678e+00 6.714997e+00
3.410000e+00 5.814050e+00 6.959095e+00 6.710768e+00
3.420000e+00 5.848200e+00 6.954450e+00 6.706525e+00
3.430000e+00 5.882450e+00 6.949745e+00 6.702270e+00
3.440000e+00 5.916800e+00 6.944985e+00 6.698011e+00
3.450000e+00 5.951250e+00 6.940172e+00 6.693752e+00
3.460000e+00 5.985800e+00 6.935312e+00 6.689496e+00
3.470000e+00 6.020450e+00 6.930406e+00 6.685250e+00
3.480000e+00 6.055200e+00 6.925460e+00 6.681016e+00
3.490000e+00 6.090050e+00 6.920475e+00 6.676799e+00
3.500000e+00 6.125000e+00 6.915456e+00 6.672604e+00
3.510000e+00 6.160050e+00 6.910406e+00 6.668433e+00
3.520000e+00 6.195200e+00 6.905328e+00 6.664291e+00
3.530000e+00 6.230450e+00 6.900225e+00 6.660180e+00
3.540000e+00 6.265800e+00 6.895101e+00 6.656105e+00
3.550000e+00 6.301250e+00 6.889958e+00 6.652067e+00
3.560000e+00 6.336800e+00 6.884800e+00 6.648071e+00
3.570000e+00 6.372450e+00 6.879629e+00 6.644118e+00
3.580000e+00 6.408200e+00 6.874448e+00 6.640212e+00
3.590000e+00 6.444050e+00 6.869261e+00 6.636354e+00
3.600000e+00 6.480000e+00 6.864069e+00 6.632546e+00
3.610000e+00 6.516050e+00 6.858876e+00 6.628792e+00
3.620000e+00 6.552200e+00 6.853684e+00 6.625092e+00
3.630000e+00 6.588450e+00 6.848496e+00 6.621449e+00
3.640000e+00 6.624800e+00 6.843314e+00 6.617864e+00
3.650000e+00 6.661250e+00 6.838140e+00 6.614339e+00
3.660000e+00 6.697800e+00 6.832978e+00 6.610874e+00
3.670000e+00 6.734450e+00 6.827828e+00 6.607471e+00
3.680000e+00 6.771200e+00 6.822694e+00 6.604131e+00
3.690000e+00 6.808050e+00 6.817577e+00 6.600855e+00
3.700000e+00 6.845000e+00 6.812480e+00 6.597644e+00
3.710000e+00 6.882050e+00 6.807405e+00 6.594498e+00
3.720000e+00 6.919200e+00 6.802353e+00 6.591417e+00
3.730000e+00 6.956450e+00 6.797326e+00 6.588403e+00
3.740000e+00 6.993800e+00 6.792327e+00 6.585455e+00
3.750000e+00 7.031250e+00 6.787356e+00 6.582574e+00
3.760000e+00 7.068800e+00 6.782416e+00 6.579759e+00
3.770000e+00 7.106450e+00 6.777508e+00 6.577011e+00
3.780000e+00 7.144200e+00 6.772634e+00 6.574329e+00
3.790000e+00 7.182050e+00 6.767794e+00 6.571714e+00
3.800000e+00 7.220000e+00 6.762992e+00 6.569165e+00
3.810000e+00 7.258050e+00 6.758227e+00 6.566681e+00
3.820000e+00 7.296200e+00 6.753501e+00 6.564263e+00
3.830000e+00 7.334450e+00 6.748816e+00 6.561909e+00
3.840000e+00 7.372800e+00 6.744172e+00 6.559620e+00
3.850000e+00 7.411250e+00 6.739571e+00 6.557394e+00
3.860000e+00 7.449800e+00 6.735013e+00 6.555231e+00
3.870000e+00 7.488450e+00 6.730500e+00 6.553130e+00
3.880000e+00 7.527200e+00 6.726033e+00 6.551091e+00
3.890000e+00 7.566050e+00 6.721612e+00 6.549112e+00
3.900000e+00 7.605000e+00 6.717238e+00 6.547193e+00
3.910000e+00 7.644050e+00 6.712913e+00 6.545332e+00
3.920000e+00 7.683200e+00 6.708636e+00 6.543529e+00
3.930000e+00 7.722450e+00 6.704408e+00 6.541783e+00
3.940000e+00 7.761800e+00 6.700231e+00 6.540092e+00
3.950000e+00 7.801250e+00 6.696103e+00 6.538457e+00
3.960000e+00 7.840800e+00 6.692027e+00 6.536875e+00
3.970000e+00 7.880450e+00 6.688003e+00 6.535345e+00
3.980000e+00 7.920200e+00 6.684030e+00 6.533867e+00
3.990000e+00 7.960050e+00 6.680110e+00 6.532440e+00
4.000000e+00 8.000000e+00 6.676242e+00 6.531061e+00
4.010000e+00 8.040050e+00 6.672427e+00 6.529731e+00
4.020000e+00 8.080200e+00 6.668665e+00 6.528448e+00
4.030000e+00 8.120450e+00 6.664957e+00 6.527211e+00
4.040000e+00 8.160800e+00 6.661302e+00 6.526018e+00
4.050000e+00 8.201250e+00 6.657700e+00 6.524869e+00
4.060000e+00 8.241800e+00 6.654152e+00 6.523763e+00
4.070000e+00 8.282450e+00 6.650658e+00 6.522698e+00
4.080000e+00 8.323200e+00 6.647218e+00 6.521673e+00
4.090000e+00 8.364050e+00 6.643831e+00 6.520687e+00
4.100000e+00 8.405000e+00 6.640498e+00 6.519740e+00
4.110000e+00 8.446050e+00 6.637218e+00 6.518829e+00
4.120000e+00 8.487200e+00 6.633992e+00 6.517954e+00
4.130000e+00 8.528450e+00 6.630819e+00 6.517114e+00
4.140000e+00 8.569800e+00 6.627699e+00 6.516307e+00
4.150000e+00 8.611250e+00 6.624632e+00 6.515533e+00
4.160000e+00 8.652800e+00 6.621618e+00 6.514791e+00
4.170000e+00 8.694450e+00 6.618656e+00 6.514079e+00
4.180000e+00 8.736200e+00 6.615746e+00 6.513397e+00
4.190000e+00 8.778050e+00 6.612888e+00 6.512744e+00
4.200000e+00 8.820000e+00 6.610081e+00 6.512118e+00
4.210000e+00 8.862050e+00 6.607325e+00 6.511519e+00
4.220000e+00 8.904200e+00 6.604620e+00 6.510945e+00
4.230000e+00 8.946450e+00 6.601965e+00 6.510397e+00
4.240000e+00 8.988800e+00 6.599361e+00 6.509873e+00
4.250000e+00 9.031250e+00 6.596805e+00 6.509371e+00
4.260000e+00 9.073800e+00 6.594299e+00 6.508892e+00
4.270000e+00 9.116450e+00 6.591841e+00 6.508435e+00
4.280000e+00 9.159200e+00 6.589431e+00 6.507998e+00
4.290000e+00 9.202050e+00 6.587069e+00 6.507581e+00
4.300000e+00 9.245000e+00 6.584754e+00 6.507183e+00
4.310000e+00 9.288050e+00 6.582486e+00 6.506804e+00
4.320000e+00 9.331200e+00 6.580263e+00 6.506442e+00
4.330000e+00 9.374450e+00 6.578086e+00 6.506097e+00
4.340000e+00 9.417800e+00 6.575954e+00 6.505769e+00
4.350000e+00 9.461250e+00 6.573866e+00 6.505456e+00
4.360000e+00 9.504800e+00 6.571821e+00 6.505158e+00
4.370000e+00 9.548450e+00 6.569820e+00 6.504875e+00
4.380000e+00 9.592200e+00 6.567862e+00 6.504605e+00
4.390000e+00 9.636050e+00 6.565945e+00 6.504349e+00
4.400000e+00 9.680000e+00 6.564070e+00 6.504105e+00
4.410000e+00 9.724050e+00 6.562236e+00 6.503873e+00
4.420000e+00 9.768200e+00 6.560442e+00 6.503653e+00
4.430000e+00 9.812450e+00 6.558687e+00 6.503444e+00
4.440000e+00 9.856800e+00 6.556971e+00 6.503246e+00
4.450000e+00 9.901250e+00 6.555293e+00 6.503057e+00
4.460000e+00 9.945800e+00 6.553653e+00 6.502879e+00
4.470000e+00 9.990450e+00 6.552050e+00 6.502709e+00
4.480000e+00 1.003520e+01 6.550484e+00 6.502549e+00
4.490000e+00 1.008005e+01 6.548953e+00 6.502396e+00
4.500000e+00 1.012500e+01 6.547457e+00 6.502252e+00
4.510000e+00 1.017005e+01 6.545995e+00 6.502116e+00
4.520000e+00 1.021520e+01 6.544567e+00 6.501986e+00
4.530000e+00 1.026045e+01 6.543173e+00 6.501864e+00
4.540000e+00 1.030580e+01 6.541810e+00 6.501748e+00
4.550000e+00 1.035125e+01 6.540480e+00 6.501639e+00
4.560000e+00 1.039680e+01 6.539181e+00 6.501535e+00
4.570000e+00 1.044245e+01 6.537912e+00 6.501437e+00
4.580000e+00 1.048820e+01 6.536673e+00 6.501345e+00
4.590000e+00 1.053405e+01 6.535464e+00 6.501258e+00
4.600000e+00 1.058000e+01 6.534283e+00 6.501175e+00
4.610000e+00 1.062605e+01 6.533130e+00 6.501098e+00
4.620000e+00 1.067220e+01 6.532005e+00 6.501024e+00
4.630000e+00 1.071845e+01 6.530906e+00 6.500955e+00
4.640000e+00 1.076480e+01 6.529833e+00 6.500890e+00
4.650000e+00 1.081125e+01 6.528785e+00 6.500829e+00
4.660000e+00 1.085780e+01 6.527763e+00 6.500771e+00
4.670000e+00 1.090445e+01 6.526765e+00 6.500716e+00
4.680000e+00 1.095120e+01 6.525790e+00 6.500665e+00
4.690000e+00 1.099805e+01 6.524838e+00 6.500617e+00
4.700000e+00 1.104500e+01 6.523909e+00 6.500572e+00
4.710000e+00 1.109205e+01 6.523001e+00 6.500529e+00
4.720000e+00 1.113920e+01 6.522114e+00 6.500489e+00
4.730000e+00 1.118645e+01 6.521248e+00 6.500451e+00
4.740000e+00 1.123380e+01 6.520402e+00 6.500416e+00
4.750000e+00 1.128125e+01 6.519575e+00 6.500383e+00
4.760000e+00 1.132880e+01 6.518767e+00 6.500352e+00
4.770000e+00 1.137645e+01 6.517977e+00 6.500323e+00
4.780000e+00 1.142420e+01 6.517204e+00 6.500296e+00
4.790000e+00 1.147205e+01 6.516449e+00 6.500271e+00
4.800000e+00 1.152000e+01 6.515710e+00 6.500247e+00
4.810000e+00 1.156805e+01 6.514986e+00 6.500225e+00
4.820000e+00 1.161620e+01 6.514278e+00 6.500204e+00
4.830000e+00 1.166445e+01 6.513585e+00 6.500185e+00
4.840000e+00 1.171280e+01 6.512905e+00 6.500167e+00
4.850000e+00 1.176125e+01 6.512239e+00 6.500150e+00
4.860000e+00 1.180980e+01 6.511586e+00 6.500134e+00
4.870000e+00 1.185845e+01 6.510945e+00 6.500120e+00
4.880000e+00 1.190720e+01 6.510315e+00 6.500106e+00
4.890000e+00 1.195605e+01 6.509697e+00 6.500094e+00
4.900000e+00 1.200500e+01 6.509090e+00 6.500083e+00
4.910000e+00 1.205405e+01 6.508492e+00 6.500072e+00
4.920000e+00 1.210320e+01 6.507904e+00 6.500062e+00
4.930000e+00 1.215245e+01 6.507325e+00 6.500054e+00
4.940000e+00 1.220180e+01 6.506754e+00 6.500046e+00
4.950000e+00 1.225125e+01 6.506191e+00 6.500038e+00
4.960000e+00 1.230080e+01 6.505635e+00 6.500032e+00
4.970000e+00 1.235045e+01 6.505086e+00 6.500026e+00
4.980000e+00 1.240020e+01 6.504542e+00 6.500021e+00
4.990000e+00 1.245005e+01 6.504004e+00 6.500016e+00
5.000000e+00 1.250000e+01 6.503470e+00 6.500012e+00
