# E = 0.444132
# x, V(x), psi, |psi|^2
-5.000000e+00 0.000000e+00 7.508611e-01 5.382148e-01
-4.990000e+00 0.000000e+00 7.539147e-01 5.400974e-01
-4.980000e+00 0.000000e+00 7.569408e-01 5.419814e-01
-4.970000e+00 0.000000e+00 7.599392e-01 5.438662e-01
-4.960000e+00 0.000000e+00 7.629094e-01 5.457511e-01
-4.950000e+00 0.000000e+00 7.658514e-01 5.476354e-01
-4.940000e+00 0.000000e+00 7.687648e-01 5.495185e-01
-4.930000e+00 0.000000e+00 7.716493e-01 5.513996e-01
-4.920000e+00 0.000000e+00 7.745047e-01 5.532782e-01
-4.910000e+00 0.000000e+00 7.773308e-01 5.551535e-01
-4.900000e+00 0.000000e+00 7.801273e-01 5.570249e-01
-4.890000e+00 0.000000e+00 7.828940e-01 5.588918e-01
-4.880000e+00 0.000000e+00 7.856306e-01 5.607533e-01
-4.870000e+00 0.000000e+00 7.883368e-01 5.626090e-01
-4.860000e+00 0.000000e+00 7.910125e-01 5.644581e-01
-4.850000e+00 0.000000e+00 7.936573e-01 5.663000e-01
-4.840000e+00 0.000000e+00 7.962711e-01 5.681340e-01
-4.830000e+00 0.000000e+00 7.988536e-01 5.699595e-01
-4.820000e+00 0.000000e+00 8.014047e-01 5.717758e-01
-4.810000e+00 0.000000e+00 8.039239e-01 5.735823e-01
-4.800000e+00 0.000000e+00 8.064113e-01 5.753783e-01
-4.790000e+00 0.000000e+00 8.088664e-01 5.771632e-01
-4.780000e+00 0.000000e+00 8.112891e-01 5.789364e-01
-4.770000e+00 0.000000e+00 8.136793e-01 5.806972e-01
-4.760000e+00 0.000000e+00 8.160366e-01 5.824451e-01
-4.750000e+00 0.000000e+00 8.183608e-01 5.841793e-01
-4.740000e+00 0.000000e+00 8.206519e-01 5.858993e-01
-4.730000e+00 0.000000e+00 8.229095e-01 5.876044e-01
-4.720000e+00 0.000000e+00 8.251334e-01 5.892941e-01
-4.710000e+00 0.000000e+00 8.273235e-01 5.909678e-01
-4.700000e+00 0.000000e+00 8.294796e-01 5.926248e-01
-4.690000e+00 0.000000e+00 8.316014e-01 5.942646e-01
-4.680000e+00 0.000000e+00 8.336888e-01 5.958865e-01
-4.670000e+00 0.000000e+00 8.357416e-01 5.974901e-01
-4.660000e+00 0.000000e+00 8.377596e-01 5.990748e-01
-4.650000e+00 0.000000e+00 8.397427e-01 6.006399e-01
-4.640000e+00 0.000000e+00 8.416906e-01 6.021849e-01
-4.630000e+00 0.000000e+00 8.436032e-01 6.037093e-01
-4.620000e+00 0.000000e+00 8.454803e-01 6.052125e-01
-4.610000e+00 0.000000e+00 8.473218e-01 6.066941e-01
-4.600000e+00 0.000000e+00 8.491275e-01 6.081534e-01
-4.590000e+00 0.000000e+00 8.508972e-01 6.095899e-01
-4.580000e+00 0.000000e+00 8.526307e-01 6.110032e-01
-4.570000e+00 0.000000e+00 8.543280e-01 6.123928e-01
-4.560000e+00 0.000000e+00 8.559888e-01 6.137581e-01
-4.550000e+00 0.000000e+00 8.576131e-01 6.150986e-01
-4.540000e+00 0.000000e+00 8.592006e-01 6.164140e-01
-4.530000e+00 0.000000e+00 8.607513e-01 6.177036e-01
-4.520000e+00 0.000000e+00 8.622649e-01 6.189672e-01
-4.510000e+00 0.000000e+00 8.637414e-01 6.202041e-01
-4.500000e+00 0.000000e+00 8.651806e-01 6.214140e-01
-4.490000e+00 0.000000e+00 8.665825e-01 6.225964e-01
-4.480000e+00 0.000000e+00 8.679468e-01 6.237510e-01
-4.470000e+00 0.000000e+00 8.692735e-01 6.248773e-01
-4.460000e+00 0.000000e+00 8.705624e-01 6.259749e-01
-4.450000e+00 0.000000e+00 8.718134e-01 6.270434e-01
-4.440000e+00 0.000000e+00 8.730264e-01 6.280824e-01
-4.430000e+00 0.000000e+00 8.742013e-01 6.290917e-01
-4.420000e+00 0.000000e+00 8.753381e-01 6.300707e-01
-4.410000e+00 0.000000e+00 8.764365e-01 6.310192e-01
-4.400000e+00 0.000000e+00 8.774965e-01 6.319369e-01
-4.390000e+00 0.000000e+00 8.785181e-01 6.328233e-01
-4.380000e+00 0.000000e+00 8.795010e-01 6.336782e-01
-4.370000e+00 0.000000e+00 8.804453e-01 6.345013e-01
-4.360000e+00 0.000000e+00 8.813509e-01 6.352923e-01
-4.350000e+00 0.000000e+00 8.822175e-01 6.360510e-01
-4.340000e+00 0.000000e+00 8.830453e-01 6.367769e-01
-4.330000e+00 0.000000e+00 8.838341e-01 6.374700e-01
-4.320000e+00 0.000000e+00 8.845838e-01 6.381299e-01
-4.310000e+00 0.000000e+00 8.852945e-01 6.387563e-01
-4.300000e+00 0.000000e+00 8.859659e-01 6.393492e-01
-4.290000e+00 0.000000e+00 8.865981e-01 6.399082e-01
-4.280000e+00 0.000000e+00 8.871909e-01 6.404332e-01
-4.270000e+00 0.000000e+00 8.877445e-01 6.409240e-01
-4.260000e+00 0.000000e+00 8.882586e-01 6.413804e-01
-4.250000e+00 0.000000e+00 8.887332e-01 6.418023e-01
-4.240000e+00 0.000000e+00 8.891684e-01 6.421894e-01
-4.230000e+00 0.000000e+00 8.895641e-01 6.425417e-01
-4.220000e+00 0.000000e+00 8.899201e-01 6.428591e-01
-4.210000e+00 0.000000e+00 8.902366e-01 6.431413e-01
-4.200000e+00 0.000000e+00 8.905135e-01 6.433884e-01
-4.190000e+00 0.000000e+00 8.907507e-01 6.436003e-01
-4.180000e+00 0.000000e+00 8.909482e-01 6.437767e-01
-4.170000e+00 0.000000e+00 8.911060e-01 6.439178e-01
-4.160000e+00 0.000000e+00 8.912242e-01 6.440234e-01
-4.150000e+00 0.000000e+00 8.913026e-01 6.440936e-01
-4.140000e+00 0.000000e+00 8.913413e-01 6.441282e-01
-4.130000e+00 0.000000e+00 8.913403e-01 6.441273e-01
-4.120000e+00 0.000000e+00 8.912996e-01 6.440909e-01
-4.110000e+00 0.000000e+00 8.912191e-01 6.440189e-01
-4.100000e+00 0.000000e+00 8.910989e-01 6.439115e-01
-4.090000e+00 0.000000e+00 8.909391e-01 6.437686e-01
-4.080000e+00 0.000000e+00 8.907395e-01 6.435903e-01
-4.070000e+00 0.000000e+00 8.905003e-01 6.433767e-01
-4.060000e+00 0.000000e+00 8.902214e-01 6.431278e-01
-4.050000e+00 0.000000e+00 8.899029e-01 6.428437e-01
-4.040000e+00 0.000000e+00 8.895448e-01 6.425246e-01
-4.030000e+00 0.000000e+00 8.891471e-01 6.421705e-01
-4.020000e+00 0.000000e+00 8.887099e-01 6.417815e-01
-4.010000e+00 0.000000e+00 8.882332e-01 6.413579e-01
-4.000000e+00 0.000000e+00 8.877171e-01 6.408998e-01
-3.990000e+00 0.000000e+00 8.871616e-01 6.404072e-01
-3.980000e+00 0.000000e+00 8.865667e-01 6.398805e-01
-3.970000e+00 0.000000e+00 8.859325e-01 6.393197e-01
-3.960000e+00 0.000000e+00 8.852591e-01 6.387251e-01
-3.950000e+00 0.000000e+00 8.845465e-01 6.380969e-01
-3.940000e+00 0.000000e+00 8.837947e-01 6.374353e-01
-3.930000e+00 0.000000e+00 8.830039e-01 6.367406e-01
-3.920000e+00 0.000000e+00 8.821742e-01 6.360130e-01
-3.910000e+00 0.000000e+00 8.813055e-01 6.352527e-01
-3.900000e+00 0.000000e+00 8.803980e-01 6.344600e-01
-3.890000e+00 0.000000e+00 8.794517e-01 6.336353e-01
-3.880000e+00 0.000000e+00 8.784668e-01 6.327787e-01
-3.870000e+00 0.000000e+00 8.774433e-01 6.318907e-01
-3.860000e+00 0.000000e+00 8.763813e-01 6.309715e-01
-3.850000e+00 0.000000e+00 8.752809e-01 6.300214e-01
-3.840000e+00 0.000000e+00 8.741422e-01 6.290408e-01
-3.830000e+00 0.000000e+00 8.729653e-01 6.280300e-01
-3.820000e+00 0.000000e+00 8.717503e-01 6.269895e-01
-3.810000e+00 0.000000e+00 8.704974e-01 6.259194e-01
-3.800000e+00 0.000000e+00 8.692065e-01 6.248204e-01
-3.790000e+00 0.000000e+00 8.678779e-01 6.236926e-01
-3.780000e+00 0.000000e+00 8.665117e-01 6.225366e-01
-3.770000e+00 0.000000e+00 8.651079e-01 6.213528e-01
-3.760000e+00 0.000000e+00 8.636668e-01 6.201415e-01
-3.750000e+00 0.000000e+00 8.621884e-01 6.189032e-01
-3.740000e+00 0.000000e+00 8.606729e-01 6.176383e-01
-3.730000e+00 0.000000e+00 8.591203e-01 6.163473e-01
-3.720000e+00 0.000000e+00 8.575309e-01 6.150307e-01
-3.710000e+00 0.000000e+00 8.559048e-01 6.136889e-01
-3.700000e+00 0.000000e+00 8.542421e-01 6.123223e-01
-3.690000e+00 0.000000e+00 8.525430e-01 6.109315e-01
-3.680000e+00 0.000000e+00 8.508075e-01 6.095170e-01
-3.670000e+00 0.000000e+00 8.490360e-01 6.080793e-01
-3.660000e+00 0.000000e+00 8.472285e-01 6.066188e-01
-3.650000e+00 0.000000e+00 8.453852e-01 6.051362e-01
-3.640000e+00 0.000000e+00 8.435063e-01 6.036319e-01
-3.630000e+00 0.000000e+00 8.415919e-01 6.021064e-01
-3.620000e+00 0.000000e+00 8.396421e-01 6.005603e-01
-3.610000e+00 0.000000e+00 8.376573e-01 5.989942e-01
-3.600000e+00 0.000000e+00 8.356375e-01 5.974086e-01
-3.590000e+00 0.000000e+00 8.335829e-01 5.958040e-01
-3.580000e+00 0.000000e+00 8.314937e-01 5.941811e-01
-3.570000e+00 0.000000e+00 8.293701e-01 5.925405e-01
-3.560000e+00 0.000000e+00 8.272123e-01 5.908826e-01
-3.550000e+00 0.000000e+00 8.250205e-01 5.892081e-01
-3.540000e+00 0.000000e+00 8.227948e-01 5.875176e-01
-3.530000e+00 0.000000e+00 8.205355e-01 5.858117e-01
-3.520000e+00 0.000000e+00 8.182428e-01 5.840909e-01
-3.510000e+00 0.000000e+00 8.159168e-01 5.823560e-01
-3.500000e+00 0.000000e+00 8.135578e-01 5.806075e-01
-3.490000e+00 0.000000e+00 8.111660e-01 5.788460e-01
-3.480000e+00 0.000000e+00 8.087416e-01 5.770722e-01
-3.470000e+00 0.000000e+00 8.062848e-01 5.752867e-01
-3.460000e+00 0.000000e+00 8.037959e-01 5.734902e-01
-3.450000e+00 0.000000e+00 8.012750e-01 5.716832e-01
-3.440000e+00 0.000000e+00 7.987223e-01 5.698664e-01
-3.430000e+00 0.000000e+00 7.961382e-01 5.680404e-01
-3.420000e+00 0.000000e+00 7.935228e-01 5.662060e-01
-3.410000e+00 0.000000e+00 7.908764e-01 5.643637e-01
-3.400000e+00 0.000000e+00 7.881992e-01 5.625143e-01
-3.390000e+00 0.000000e+00 7.854914e-01 5.606583e-01
-3.380000e+00 0.000000e+00 7.827533e-01 5.587964e-01
-3.370000e+00 0.000000e+00 7.799851e-01 5.569293e-01
-3.360000e+00 0.000000e+00 7.771870e-01 5.550577e-01
-3.350000e+00 0.000000e+00 7.743594e-01 5.531822e-01
-3.340000e+00 0.000000e+00 7.715025e-01 5.513035e-01
-3.330000e+00 0.000000e+00 7.686165e-01 5.494222e-01
-3.320000e+00 0.000000e+00 7.657016e-01 5.475391e-01
-3.310000e+00 0.000000e+00 7.627582e-01 5.456547e-01
-3.300000e+00 0.000000e+00 7.597865e-01 5.437698e-01
-3.290000e+00 0.000000e+00 7.567868e-01 5.418851e-01
-3.280000e+00 0.000000e+00 7.537592e-01 5.400011e-01
-3.270000e+00 0.000000e+00 7.507042e-01 5.381186e-01
-3.260000e+00 0.000000e+00 7.476220e-01 5.362382e-01
-3.250000e+00 0.000000e+00 7.445128e-01 5.343607e-01
-3.240000e+00 0.000000e+00 7.413769e-01 5.324866e-01
-3.230000e+00 0.000000e+00 7.382146e-01 5.306166e-01
-3.220000e+00 0.000000e+00 7.350262e-01 5.287515e-01
-3.210000e+00 0.000000e+00 7.318119e-01 5.268918e-01
-3.200000e+00 0.000000e+00 7.285721e-01 5.250383e-01
-3.190000e+00 0.000000e+00 7.253070e-01 5.231915e-01
-3.180000e+00 0.000000e+00 7.220170e-01 5.213521e-01
-3.170000e+00 0.000000e+00 7.187022e-01 5.195209e-01
-3.160000e+00 0.000000e+00 7.153631e-01 5.176984e-01
-3.150000e+00 0.000000e+00 7.119999e-01 5.158853e-01
-3.140000e+00 0.000000e+00 7.086129e-01 5.140822e-01
-3.130000e+00 0.000000e+00 7.052024e-01 5.122898e-01
-3.120000e+00 0.000000e+00 7.017687e-01 5.105088e-01
-3.110000e+00 0.000000e+00 6.983121e-01 5.087396e-01
-3.100000e+00 0.000000e+00 6.948330e-01 5.069831e-01
-3.090000e+00 0.000000e+00 6.913315e-01 5.052397e-01
-3.080000e+00 0.000000e+00 6.878082e-01 5.035102e-01
-3.070000e+00 0.000000e+00 6.842631e-01 5.017951e-01
-3.060000e+00 0.000000e+00 6.806968e-01 5.000950e-01
-3.050000e+00 0.000000e+00 6.771094e-01 4.984106e-01
-3.040000e+00 0.000000e+00 6.735014e-01 4.967424e-01
-3.030000e+00 0.000000e+00 6.698729e-01 4.950911e-01
-3.020000e+00 0.000000e+00 6.662244e-01 4.934572e-01
-3.010000e+00 0.000000e+00 6.625562e-01 4.918413e-01
-3.000000e+00 0.000000e+00 6.588686e-01 4.902439e-01
-2.990000e+00 0.000000e+00 6.551619e-01 4.886657e-01
-2.980000e+00 0.000000e+00 6.514365e-01 4.871073e-01
-2.970000e+00 0.000000e+00 6.476926e-01 4.855690e-01
-2.960000e+00 0.000000e+00 6.439307e-01 4.840516e-01
-2.950000e+00 0.000000e+00 6.401510e-01 4.825556e-01
-2.940000e+00 0.000000e+00 6.363539e-01 4.810814e-01
-2.930000e+00 0.000000e+00 6.325398e-01 4.796296e-01
-2.920000e+00 0.000000e+00 6.287089e-01 4.782007e-01
-2.910000e+00 0.000000e+00 6.248616e-01 4.767953e-01
-2.900000e+00 0.000000e+00 6.209982e-01 4.754138e-01
-2.890000e+00 0.000000e+00 6.171192e-01 4.740567e-01
-2.880000e+00 0.000000e+00 6.132247e-01 4.727245e-01
-2.870000e+00 0.000000e+00 6.093153e-01 4.714177e-01
-2.860000e+00 0.000000e+00 6.053912e-01 4.701367e-01
-2.850000e+00 0.000000e+00 6.014527e-01 4.688820e-01
-2.840000e+00 0.000000e+00 5.975003e-01 4.676540e-01
-2.830000e+00 0.000000e+00 5.935343e-01 4.664532e-01
-2.820000e+00 0.000000e+00 5.895550e-01 4.652800e-01
-2.810000e+00 0.000000e+00 5.855628e-01 4.641348e-01
-2.800000e+00 0.000000e+00 5.815580e-01 4.630180e-01
-2.790000e+00 0.000000e+00 5.775410e-01 4.619301e-01
-2.780000e+00 0.000000e+00 5.735121e-01 4.608714e-01
-2.770000e+00 0.000000e+00 5.694718e-01 4.598422e-01
-2.760000e+00 0.000000e+00 5.654203e-01 4.588430e-01
-2.750000e+00 0.000000e+00 5.613581e-01 4.578741e-01
-2.740000e+00 0.000000e+00 5.572854e-01 4.569359e-01
-2.730000e+00 0.000000e+00 5.532027e-01 4.560286e-01
-2.720000e+00 0.000000e+00 5.491103e-01 4.551526e-01
-2.710000e+00 0.000000e+00 5.450086e-01 4.543082e-01
-2.700000e+00 0.000000e+00 5.408979e-01 4.534958e-01
-2.690000e+00 0.000000e+00 5.367786e-01 4.527156e-01
-2.680000e+00 0.000000e+00 5.326511e-01 4.519678e-01
-2.670000e+00 0.000000e+00 5.285158e-01 4.512528e-01
-2.660000e+00 0.000000e+00 5.243729e-01 4.505708e-01
-2.650000e+00 0.000000e+00 5.202229e-01 4.499220e-01
-2.640000e+00 0.000000e+00 5.160662e-01 4.493067e-01
-2.630000e+00 0.000000e+00 5.119030e-01 4.487251e-01
-2.620000e+00 0.000000e+00 5.077339e-01 4.481774e-01
-2.610000e+00 0.000000e+00 5.035591e-01 4.476637e-01
-2.600000e+00 0.000000e+00 4.993790e-01 4.471844e-01
-2.590000e+00 0.000000e+00 4.951940e-01 4.467395e-01
-2.580000e+00 0.000000e+00 4.910044e-01 4.463292e-01
-2.570000e+00 0.000000e+00 4.868107e-01 4.459537e-01
-2.560000e+00 0.000000e+00 4.826133e-01 4.456130e-01
-2.550000e+00 0.000000e+00 4.784124e-01 4.453073e-01
-2.540000e+00 0.000000e+00 4.742084e-01 4.450368e-01
-2.530000e+00 0.000000e+00 4.700018e-01 4.448014e-01
-2.520000e+00 0.000000e+00 4.657929e-01 4.446014e-01
-2.510000e+00 0.000000e+00 4.615820e-01 4.444367e-01
-2.500000e+00 0.000000e+00 4.573696e-01 4.443074e-01
-2.490000e+00 0.000000e+00 4.531561e-01 4.442136e-01
-2.480000e+00 0.000000e+00 4.489417e-01 4.441553e-01
-2.470000e+00 0.000000e+00 4.447269e-01 4.441326e-01
-2.460000e+00 0.000000e+00 4.405121e-01 4.441453e-01
-2.450000e+00 0.000000e+00 4.362975e-01 4.441936e-01
-2.440000e+00 0.000000e+00 4.320837e-01 4.442774e-01
-2.430000e+00 0.000000e+00 4.278709e-01 4.443966e-01
-2.420000e+00 0.000000e+00 4.236596e-01 4.445513e-01
-2.410000e+00 0.000000e+00 4.194501e-01 4.447414e-01
-2.400000e+00 0.000000e+00 4.152428e-01 4.449668e-01
-2.390000e+00 0.000000e+00 4.110381e-01 4.452274e-01
-2.380000e+00 0.000000e+00 4.068363e-01 4.455232e-01
-2.370000e+00 0.000000e+00 4.026378e-01 4.458540e-01
-2.360000e+00 0.000000e+00 3.984430e-01 4.462197e-01
-2.350000e+00 0.000000e+00 3.942522e-01 4.466202e-01
-2.340000e+00 0.000000e+00 3.900659e-01 4.470554e-01
-2.330000e+00 0.000000e+00 3.858844e-01 4.475250e-01
-2.320000e+00 0.000000e+00 3.817081e-01 4.480290e-01
-2.310000e+00 0.000000e+00 3.775373e-01 4.485671e-01
-2.300000e+00 0.000000e+00 3.733724e-01 4.491391e-01
-2.290000e+00 0.000000e+00 3.692138e-01 4.497450e-01
-2.280000e+00 0.000000e+00 3.650619e-01 4.503843e-01
-2.270000e+00 0.000000e+00 3.609170e-01 4.510570e-01
-2.260000e+00 0.000000e+00 3.567795e-01 4.517627e-01
-2.250000e+00 0.000000e+00 3.526497e-01 4.525012e-01
-2.240000e+00 0.000000e+00 3.485281e-01 4.532723e-01
-2.230000e+00 0.000000e+00 3.444149e-01 4.540757e-01
-2.220000e+00 0.000000e+00 3.403106e-01 4.549111e-01
-2.210000e+00 0.000000e+00 3.362156e-01 4.557782e-01
-2.200000e+00 0.000000e+00 3.321301e-01 4.566767e-01
-2.190000e+00 0.000000e+00 3.280546e-01 4.576062e-01
-2.180000e+00 0.000000e+00 3.239893e-01 4.585665e-01
-2.170000e+00 0.000000e+00 3.199348e-01 4.595572e-01
-2.160000e+00 0.000000e+00 3.158913e-01 4.605779e-01
-2.150000e+00 0.000000e+00 3.118591e-01 4.616284e-01
-2.140000e+00 0.000000e+00 3.078388e-01 4.627081e-01
-2.130000e+00 0.000000e+00 3.038305e-01 4.638168e-01
-2.120000e+00 0.000000e+00 2.998347e-01 4.649540e-01
-2.110000e+00 0.000000e+00 2.958517e-01 4.661193e-01
-2.100000e+00 0.000000e+00 2.918819e-01 4.673124e-01
-2.090000e+00 0.000000e+00 2.879256e-01 4.685327e-01
-2.080000e+00 0.000000e+00 2.839832e-01 4.697799e-01
-2.070000e+00 0.000000e+00 2.800550e-01 4.710535e-01
-2.060000e+00 0.000000e+00 2.761414e-01 4.723531e-01
-2.050000e+00 0.000000e+00 2.722427e-01 4.736782e-01
-2.040000e+00 0.000000e+00 2.683592e-01 4.750283e-01
-2.030000e+00 0.000000e+00 2.644914e-01 4.764030e-01
-2.020000e+00 0.000000e+00 2.606396e-01 4.778017e-01
-2.010000e+00 0.000000e+00 2.568040e-01 4.792240e-01
-2.000000e+00 0.000000e+00 2.529851e-01 4.806694e-01
-1.990000e+00 0.000000e+00 2.491831e-01 4.821373e-01
-1.980000e+00 0.000000e+00 2.453985e-01 4.836273e-01
-1.970000e+00 0.000000e+00 2.416315e-01 4.851387e-01
-1.960000e+00 0.000000e+00 2.378826e-01 4.866711e-01
-1.950000e+00 0.000000e+00 2.341519e-01 4.882239e-01
-1.940000e+00 0.000000e+00 2.304399e-01 4.897966e-01
-1.930000e+00 0.000000e+00 2.267468e-01 4.913886e-01
-1.920000e+00 0.000000e+00 2.230731e-01 4.929993e-01
-1.910000e+00 0.000000e+00 2.194190e-01 4.946282e-01
-1.900000e+00 0.000000e+00 2.157849e-01 4.962747e-01
-1.890000e+00 0.000000e+00 2.121711e-01 4.979382e-01
-1.880000e+00 0.000000e+00 2.085778e-01 4.996181e-01
-1.870000e+00 0.000000e+00 2.050055e-01 5.013138e-01
-1.860000e+00 0.000000e+00 2.014544e-01 5.030247e-01
-1.850000e+00 0.000000e+00 1.979249e-01 5.047502e-01
-1.840000e+00 0.000000e+00 1.944173e-01 5.064897e-01
-1.830000e+00 0.000000e+00 1.909318e-01 5.082426e-01
-1.820000e+00 0.000000e+00 1.874688e-01 5.100083e-01
-1.810000e+00 0.000000e+00 1.840286e-01 5.117861e-01
-1.800000e+00 0.000000e+00 1.806116e-01 5.135753e-01
-1.790000e+00 0.000000e+00 1.772179e-01 5.153754e-01
-1.780000e+00 0.000000e+00 1.738479e-01 5.171858e-01
-1.770000e+00 0.000000e+00 1.705020e-01 5.190057e-01
-1.760000e+00 0.000000e+00 1.671803e-01 5.208345e-01
-1.750000e+00 0.000000e+00 1.638833e-01 5.226716e-01
-1.740000e+00 0.000000e+00 1.606111e-01 5.245164e-01
-1.730000e+00 0.000000e+00 1.573642e-01 5.263681e-01
-1.720000e+00 0.000000e+00 1.541427e-01 5.282261e-01
-1.710000e+00 0.000000e+00 1.509469e-01 5.300898e-01
-1.700000e+00 0.000000e+00 1.477772e-01 5.319585e-01
-1.690000e+00 0.000000e+00 1.446339e-01 5.338314e-01
-1.680000e+00 0.000000e+00 1.415171e-01 5.357081e-01
-1.670000e+00 0.000000e+00 1.384272e-01 5.375877e-01
-1.660000e+00 0.000000e+00 1.353645e-01 5.394697e-01
-1.650000e+00 0.000000e+00 1.323292e-01 5.413533e-01
-1.640000e+00 0.000000e+00 1.293216e-01 5.432379e-01
-1.630000e+00 0.000000e+00 1.263419e-01 5.451229e-01
-1.620000e+00 0.000000e+00 1.233905e-01 5.470074e-01
-1.610000e+00 0.000000e+00 1.204676e-01 5.488910e-01
-1.600000e+00 0.000000e+00 1.175734e-01 5.507728e-01
-1.590000e+00 0.000000e+00 1.147082e-01 5.526524e-01
-1.580000e+00 0.000000e+00 1.118723e-01 5.545288e-01
-1.570000e+00 0.000000e+00 1.090659e-01 5.564016e-01
-1.560000e+00 0.000000e+00 1.062893e-01 5.582700e-01
-1.550000e+00 0.000000e+00 1.035427e-01 5.601334e-01
-1.540000e+00 0.000000e+00 1.008263e-01 5.619912e-01
-1.530000e+00 0.000000e+00 9.814040e-02 5.638425e-01
-1.520000e+00 0.000000e+00 9.548526e-02 5.656869e-01
-1.510000e+00 0.000000e+00 9.286108e-02 5.675236e-01
-1.500000e+00 0.000000e+00 9.026810e-02 5.693520e-01
-1.490000e+00 0.000000e+00 8.770656e-02 5.711714e-01
-1.480000e+00 0.000000e+00 8.517668e-02 5.729813e-01
-1.470000e+00 0.000000e+00 8.267868e-02 5.747808e-01
-1.460000e+00 0.000000e+00 8.021279e-02 5.765695e-01
-1.450000e+00 0.000000e+00 7.777922e-02 5.783467e-01
-1.440000e+00 0.000000e+00 7.537820e-02 5.801117e-01
-1.430000e+00 0.000000e+00 7.300993e-02 5.818639e-01
-1.420000e+00 0.000000e+00 7.067462e-02 5.836028e-01
-1.410000e+00 0.000000e+00 6.837249e-02 5.853276e-01
-1.400000e+00 0.000000e+00 6.610374e-02 5.870377e-01
-1.390000e+00 0.000000e+00 6.386856e-02 5.887326e-01
-1.380000e+00 0.000000e+00 6.166716e-02 5.904117e-01
-1.370000e+00 0.000000e+00 5.949973e-02 5.920743e-01
-1.360000e+00 0.000000e+00 5.736647e-02 5.937199e-01
-1.350000e+00 0.000000e+00 5.526757e-02 5.953479e-01
-1.340000e+00 0.000000e+00 5.320320e-02 5.969577e-01
-1.330000e+00 0.000000e+00 5.117356e-02 5.985487e-01
-1.320000e+00 0.000000e+00 4.917883e-02 6.001204e-01
-1.310000e+00 0.000000e+00 4.721917e-02 6.016721e-01
-1.300000e+00 0.000000e+00 4.529477e-02 6.032035e-01
-1.290000e+00 0.000000e+00 4.340580e-02 6.047138e-01
-1.280000e+00 0.000000e+00 4.155243e-02 6.062027e-01
-1.270000e+00 0.000000e+00 3.973481e-02 6.076694e-01
-1.260000e+00 0.000000e+00 3.795312e-02 6.091136e-01
-1.250000e+00 0.000000e+00 3.620750e-02 6.105348e-01
-1.240000e+00 0.000000e+00 3.449812e-02 6.119323e-01
-1.230000e+00 0.000000e+00 3.282512e-02 6.133057e-01
-1.220000e+00 0.000000e+00 3.118866e-02 6.146546e-01
-1.210000e+00 0.000000e+00 2.958888e-02 6.159784e-01
-1.200000e+00 0.000000e+00 2.802592e-02 6.172766e-01
-1.190000e+00 0.000000e+00 2.649992e-02 6.185489e-01
-1.180000e+00 0.000000e+00 2.501102e-02 6.197948e-01
-1.170000e+00 0.000000e+00 2.355935e-02 6.210137e-01
-1.160000e+00 0.000000e+00 2.214503e-02 6.222054e-01
-1.150000e+00 0.000000e+00 2.076820e-02 6.233693e-01
-1.140000e+00 0.000000e+00 1.942898e-02 6.245050e-01
-1.130000e+00 0.000000e+00 1.812748e-02 6.256122e-01
-1.120000e+00 0.000000e+00 1.686381e-02 6.266905e-01
-1.110000e+00 0.000000e+00 1.563811e-02 6.277394e-01
-1.100000e+00 0.000000e+00 1.445046e-02 6.287586e-01
-1.090000e+00 0.000000e+00 1.330098e-02 6.297477e-01
-1.080000e+00 0.000000e+00 1.218977e-02 6.307065e-01
-1.070000e+00 0.000000e+00 1.111692e-02 6.316344e-01
-1.060000e+00 0.000000e+00 1.008254e-02 6.325313e-01
-1.050000e+00 0.000000e+00 9.086714e-03 6.333968e-01
-1.040000e+00 0.000000e+00 8.129531e-03 6.342305e-01
-1.030000e+00 0.000000e+00 7.211076e-03 6.350323e-01
-1.020000e+00 0.000000e+00 6.331431e-03 6.358017e-01
-1.010000e+00 0.000000e+00 5.490674e-03 6.365386e-01
-1.000000e+00 0.000000e+00 4.688880e-03 6.372426e-01
-9.900000e-01 0.000000e+00 3.926119e-03 6.379136e-01
-9.800000e-01 0.000000e+00 3.202461e-03 6.385512e-01
-9.700000e-01 0.000000e+00 2.517968e-03 6.391553e-01
-9.600000e-01 0.000000e+00 1.872702e-03 6.397257e-01
-9.500000e-01 0.000000e+00 1.266720e-03 6.402620e-01
-9.400000e-01 0.000000e+00 7.000755e-04 6.407642e-01
-9.300000e-01 0.000000e+00 1.728195e-04 6.412321e-01
-9.200000e-01 0.000000e+00 -3.150014e-04 6.416655e-01
-9.100000e-01 0.000000e+00 -7.633440e-04 6.420642e-01
-9.000000e-01 0.000000e+00 -1.172168e-03 6.424282e-01
-8.900000e-01 0.000000e+00 -1.541438e-03 6.427572e-01
-8.800000e-01 0.000000e+00 -1.871121e-03 6.430512e-01
-8.700000e-01 0.000000e+00 -2.161187e-03 6.433100e-01
-8.600000e-01 0.000000e+00 -2.411610e-03 6.435336e-01
-8.500000e-01 0.000000e+00 -2.622369e-03 6.437218e-01
-8.400000e-01 0.000000e+00 -2.793445e-03 6.438747e-01
-8.300000e-01 0.000000e+00 -2.924822e-03 6.439922e-01
-8.200000e-01 0.000000e+00 -3.016489e-03 6.440741e-01
-8.100000e-01 0.000000e+00 -3.068438e-03 6.441206e-01
-8.000000e-01 0.000000e+00 -3.080663e-03 6.441315e-01
-7.900000e-01 0.000000e+00 -3.053165e-03 6.441069e-01
-7.800000e-01 0.000000e+00 -2.985945e-03 6.440468e-01
-7.700000e-01 0.000000e+00 -2.879010e-03 6.439512e-01
-7.600000e-01 0.000000e+00 -2.732368e-03 6.438201e-01
-7.500000e-01 0.000000e+00 -2.546033e-03 6.436536e-01
-7.400000e-01 0.000000e+00 -2.320022e-03 6.434518e-01
-7.300000e-01 0.000000e+00 -2.054354e-03 6.432146e-01
-7.200000e-01 0.000000e+00 -1.749053e-03 6.429423e-01
-7.100000e-01 0.000000e+00 -1.404147e-03 6.426348e-01
-7.000000e-01 0.000000e+00 -1.019666e-03 6.422924e-01
-6.900000e-01 0.000000e+00 -5.956430e-04 6.419151e-01
-6.800000e-01 0.000000e+00 -1.321173e-04 6.415030e-01
-6.700000e-01 0.000000e+00 3.708706e-04 6.410563e-01
-6.600000e-01 0.000000e+00 9.132760e-04 6.405752e-01
-6.500000e-01 0.000000e+00 1.495051e-03 6.400598e-01
-6.400000e-01 0.000000e+00 2.116143e-03 6.395104e-01
-6.300000e-01 0.000000e+00 2.776497e-03 6.389271e-01
-6.200000e-01 0.000000e+00 3.476056e-03 6.383100e-01
-6.100000e-01 0.000000e+00 4.214756e-03 6.376596e-01
-6.000000e-01 0.000000e+00 4.992532e-03 6.369758e-01
-5.900000e-01 0.000000e+00 5.809315e-03 6.362591e-01
-5.800000e-01 0.000000e+00 6.665032e-03 6.355097e-01
-5.700000e-01 0.000000e+00 7.559608e-03 6.347278e-01
-5.600000e-01 0.000000e+00 8.492962e-03 6.339137e-01
-5.500000e-01 0.000000e+00 9.465013e-03 6.330678e-01
-5.400000e-01 0.000000e+00 1.047567e-02 6.321902e-01
-5.300000e-01 0.000000e+00 1.152485e-02 6.312813e-01
-5.200000e-01 0.000000e+00 1.261246e-02 6.303415e-01
-5.100000e-01 0.000000e+00 1.373840e-02 6.293710e-01
-5.000000e-01 0.000000e+00 1.490256e-02 6.283703e-01
-4.900000e-01 0.000000e+00 1.610486e-02 6.273396e-01
-4.800000e-01 0.000000e+00 1.734517e-02 6.262794e-01
-4.700000e-01 0.000000e+00 1.862339e-02 6.251899e-01
-4.600000e-01 0.000000e+00 1.993941e-02 6.240717e-01
-4.500000e-01 0.000000e+00 2.129311e-02 6.229251e-01
-4.400000e-01 0.000000e+00 2.268437e-02 6.217505e-01
-4.300000e-01 0.000000e+00 2.411306e-02 6.205483e-01
-4.200000e-01 0.000000e+00 2.557906e-02 6.193189e-01
-4.100000e-01 0.000000e+00 2.708224e-02 6.180629e-01
-4.000000e-01 0.000000e+00 2.862247e-02 6.167805e-01
-3.900000e-01 0.000000e+00 3.019960e-02 6.154724e-01
-3.800000e-01 0.000000e+00 3.181350e-02 6.141389e-01
-3.700000e-01 0.000000e+00 3.346403e-02 6.127805e-01
-3.600000e-01 0.000000e+00 3.515103e-02 6.113978e-01
-3.500000e-01 0.000000e+00 3.687436e-02 6.099911e-01
-3.400000e-01 0.000000e+00 3.863387e-02 6.085611e-01
-3.300000e-01 0.000000e+00 4.042939e-02 6.071082e-01
-3.200000e-01 0.000000e+00 4.226078e-02 6.056328e-01
-3.100000e-01 0.000000e+00 4.412786e-02 6.041357e-01
-3.000000e-01 0.000000e+00 4.603047e-02 6.026172e-01
-2.900000e-01 0.000000e+00 4.796844e-02 6.010779e-01
-2.800000e-01 0.000000e+00 4.994160e-02 5.995184e-01
-2.700000e-01 0.000000e+00 5.194978e-02 5.979392e-01
-2.600000e-01 0.000000e+00 5.399279e-02 5.963410e-01
-2.500000e-01 0.000000e+00 5.607046e-02 5.947241e-01
-2.400000e-01 0.000000e+00 5.818260e-02 5.930893e-01
-2.300000e-01 0.000000e+00 6.032902e-02 5.914371e-01
-2.200000e-01 0.000000e+00 6.250953e-02 5.897681e-01
-2.100000e-01 0.000000e+00 6.472394e-02 5.880828e-01
-2.000000e-01 0.000000e+00 6.697205e-02 5.863820e-01
-1.900000e-01 0.000000e+00 6.925366e-02 5.846661e-01
-1.800000e-01 0.000000e+00 7.156857e-02 5.829359e-01
-1.700000e-01 0.000000e+00 7.391657e-02 5.811918e-01
-1.600000e-01 0.000000e+00 7.629746e-02 5.794346e-01
-1.500000e-01 0.000000e+00 7.871102e-02 5.776648e-01
-1.400000e-01 0.000000e+00 8.115704e-02 5.758832e-01
-1.300000e-01 0.000000e+00 8.363530e-02 5.740902e-01
-1.200000e-01 0.000000e+00 8.614559e-02 5.722866e-01
-1.100000e-01 0.000000e+00 8.868767e-02 5.704730e-01
-1.000000e-01 0.000000e+00 9.126132e-02 5.686501e-01
-9.000000e-02 0.000000e+00 9.386632e-02 5.668184e-01
-8.000000e-02 0.000000e+00 9.650243e-02 5.649787e-01
-7.000000e-02 0.000000e+00 9.916942e-02 5.631315e-01
-6.000000e-02 0.000000e+00 1.018671e-01 5.612776e-01
-5.000000e-02 0.000000e+00 1.045951e-01 5.594176e-01
-4.000000e-02 0.000000e+00 1.073533e-01 5.575522e-01
-3.000000e-02 0.000000e+00 1.101414e-01 5.556821e-01
-2.000000e-02 0.000000e+00 1.129592e-01 5.538078e-01
-1.000000e-02 0.000000e+00 1.158064e-01 5.519301e-01
0.000000e+00 0.000000e+00 1.186827e-01 5.500496e-01
1.000000e-02 0.000000e+00 1.215880e-01 5.481670e-01
2.000000e-02 0.000000e+00 1.245219e-01 5.462830e-01
3.000000e-02 0.000000e+00 1.274842e-01 5.443982e-01
4.000000e-02 0.000000e+00 1.304746e-01 5.425133e-01
5.000000e-02 0.000000e+00 1.334929e-01 5.406290e-01
6.000000e-02 0.000000e+00 1.365388e-01 5.387459e-01
7.000000e-02 0.000000e+00 1.396120e-01 5.368648e-01
8.000000e-02 0.000000e+00 1.427123e-01 5.349862e-01
9.000000e-02 0.000000e+00 1.458393e-01 5.331109e-01
1.000000e-01 0.000000e+00 1.489928e-01 5.312395e-01
1.100000e-01 0.000000e+00 1.521725e-01 5.293726e-01
1.200000e-01 0.000000e+00 1.553782e-01 5.275111e-01
1.300000e-01 0.000000e+00 1.586095e-01 5.256554e-01
1.400000e-01 0.000000e+00 1.618662e-01 5.238063e-01
1.500000e-01 0.000000e+00 1.651480e-01 5.219644e-01
1.600000e-01 0.000000e+00 1.684545e-01 5.201304e-01
1.700000e-01 0.000000e+00 1.717855e-01 5.183049e-01
1.800000e-01 0.000000e+00 1.751408e-01 5.164886e-01
1.900000e-01 0.000000e+00 1.785199e-01 5.146821e-01
2.000000e-01 0.000000e+00 1.819226e-01 5.128861e-01
2.100000e-01 0.000000e+00 1.853486e-01 5.111012e-01
2.200000e-01 0.000000e+00 1.887976e-01 5.093280e-01
2.300000e-01 0.000000e+00 1.922692e-01 5.075672e-01
2.400000e-01 0.000000e+00 1.957633e-01 5.058193e-01
2.500000e-01 0.000000e+00 1.992793e-01 5.040851e-01
2.600000e-01 0.000000e+00 2.028172e-01 5.023651e-01
2.700000e-01 0.000000e+00 2.063765e-01 5.006600e-01
2.800000e-01 0.000000e+00 2.099569e-01 4.989703e-01
2.900000e-01 0.000000e+00 2.135581e-01 4.972966e-01
3.000000e-01 0.000000e+00 2.171797e-01 4.956396e-01
3.100000e-01 0.000000e+00 2.208216e-01 4.939998e-01
3.200000e-01 0.000000e+00 2.244833e-01 4.923779e-01
3.300000e-01 0.000000e+00 2.281644e-01 4.907743e-01
3.400000e-01 0.000000e+00 2.318648e-01 4.891896e-01
3.500000e-01 0.000000e+00 2.355840e-01 4.876245e-01
3.600000e-01 0.000000e+00 2.393218e-01 4.860795e-01
3.700000e-01 0.000000e+00 2.430777e-01 4.845551e-01
3.800000e-01 0.000000e+00 2.468515e-01 4.830519e-01
3.900000e-01 0.000000e+00 2.506429e-01 4.815703e-01
4.000000e-01 0.000000e+00 2.544514e-01 4.801110e-01
4.100000e-01 0.000000e+00 2.582767e-01 4.786745e-01
4.200000e-01 0.000000e+00 2.621186e-01 4.772612e-01
4.300000e-01 0.000000e+00 2.659766e-01 4.758716e-01
4.400000e-01 0.000000e+00 2.698505e-01 4.745063e-01
4.500000e-01 0.000000e+00 2.737398e-01 4.731658e-01
4.600000e-01 0.000000e+00 2.776443e-01 4.718504e-01
4.700000e-01 0.000000e+00 2.815636e-01 4.705608e-01
4.800000e-01 0.000000e+00 2.854973e-01 4.692972e-01
4.900000e-01 0.000000e+00 2.894451e-01 4.680603e-01
5.000000e-01 0.000000e+00 2.934066e-01 4.668504e-01
5.100000e-01 0.000000e+00 2.973815e-01 4.656680e-01
5.200000e-01 0.000000e+00 3.013695e-01 4.645134e-01
5.300000e-01 0.000000e+00 3.053701e-01 4.633871e-01
5.400000e-01 0.000000e+00 3.093831e-01 4.622895e-01
5.500000e-01 0.000000e+00 3.134080e-01 4.612210e-01
5.600000e-01 0.000000e+00 3.174446e-01 4.601820e-01
5.700000e-01 0.000000e+00 3.214924e-01 4.591727e-01
5.800000e-01 0.000000e+00 3.255511e-01 4.581937e-01
5.900000e-01 0.000000e+00 3.296203e-01 4.572452e-01
6.000000e-01 0.000000e+00 3.336997e-01 4.563275e-01
6.100000e-01 0.000000e+00 3.377889e-01 4.554411e-01
6.200000e-01 0.000000e+00 3.418875e-01 4.545862e-01
6.300000e-01 0.000000e+00 3.459953e-01 4.537631e-01
6.400000e-01 0.000000e+00 3.501117e-01 4.529720e-01
6.500000e-01 0.000000e+00 3.542365e-01 4.522134e-01
6.600000e-01 0.000000e+00 3.583693e-01 4.514875e-01
6.700000e-01 0.000000e+00 3.625097e-01 4.507944e-01
6.800000e-01 0.000000e+00 3.666574e-01 4.501345e-01
6.900000e-01 0.000000e+00 3.708119e-01 4.495081e-01
7.000000e-01 0.000000e+00 3.749730e-01 4.489152e-01
7.100000e-01 0.000000e+00 3.791402e-01 4.483562e-01
7.200000e-01 0.000000e+00 3.833131e-01 4.478312e-01
7.300000e-01 0.000000e+00 3.874915e-01 4.473404e-01
7.400000e-01 0.000000e+00 3.916749e-01 4.468840e-01
7.500000e-01 0.000000e+00 3.958630e-01 4.464621e-01
7.600000e-01 0.000000e+00 4.000553e-01 4.460750e-01
7.700000e-01 0.000000e+00 4.042516e-01 4.457227e-01
7.800000e-01 0.000000e+00 4.084514e-01 4.454053e-01
7.900000e-01 0.000000e+00 4.126544e-01 4.451231e-01
8.000000e-01 0.000000e+00 4.168601e-01 4.448760e-01
8.100000e-01 0.000000e+00 4.210683e-01 4.446641e-01
8.200000e-01 0.000000e+00 4.252786e-01 4.444877e-01
8.300000e-01 0.000000e+00 4.294905e-01 4.443466e-01
8.400000e-01 0.000000e+00 4.337037e-01 4.442410e-01
8.500000e-01 0.000000e+00 4.379178e-01 4.441708e-01
8.600000e-01 0.000000e+00 4.421325e-01 4.441362e-01
8.700000e-01 0.000000e+00 4.463474e-01 4.441371e-01
8.800000e-01 0.000000e+00 4.505621e-01 4.441735e-01
8.900000e-01 0.000000e+00 4.547762e-01 4.442455e-01
9.000000e-01 0.000000e+00 4.589893e-01 4.443529e-01
9.100000e-01 0.000000e+00 4.632012e-01 4.444958e-01
9.200000e-01 0.000000e+00 4.674113e-01 4.446741e-01
9.300000e-01 0.000000e+00 4.716194e-01 4.448877e-01
9.400000e-01 0.000000e+00 4.758250e-01 4.451366e-01
9.500000e-01 0.000000e+00 4.800279e-01 4.454207e-01
9.600000e-01 0.000000e+00 4.842275e-01 4.457398e-01
9.700000e-01 0.000000e+00 4.884236e-01 4.460939e-01
9.800000e-01 0.000000e+00 4.926157e-01 4.464828e-01
9.900000e-01 0.000000e+00 4.968035e-01 4.469065e-01
1.000000e+00 0.000000e+00 5.009867e-01 4.473646e-01
1.010000e+00 0.000000e+00 5.051648e-01 4.478572e-01
1.020000e+00 0.000000e+00 5.093375e-01 4.483839e-01
1.030000e+00 0.000000e+00 5.135044e-01 4.489447e-01
1.040000e+00 0.000000e+00 5.176651e-01 4.495393e-01
1.050000e+00 0.000000e+00 5.218193e-01 4.501675e-01
1.060000e+00 0.000000e+00 5.259666e-01 4.508291e-01
1.070000e+00 0.000000e+00 5.301066e-01 4.515238e-01
1.080000e+00 0.000000e+00 5.342390e-01 4.522514e-01
1.090000e+00 0.000000e+00 5.383634e-01 4.530117e-01
1.100000e+00 0.000000e+00 5.424794e-01 4.538044e-01
1.110000e+00 0.000000e+00 5.465867e-01 4.546291e-01
1.120000e+00 0.000000e+00 5.506849e-01 4.554857e-01
1.130000e+00 0.000000e+00 5.547736e-01 4.563737e-01
1.140000e+00 0.000000e+00 5.588525e-01 4.572929e-01
1.150000e+00 0.000000e+00 5.629212e-01 4.582430e-01
1.160000e+00 0.000000e+00 5.669793e-01 4.592236e-01
1.170000e+00 0.000000e+00 5.710265e-01 4.602344e-01
1.180000e+00 0.000000e+00 5.750625e-01 4.612749e-01
1.190000e+00 0.000000e+00 5.790868e-01 4.623449e-01
1.200000e+00 0.000000e+00 5.830992e-01 4.634440e-01
1.210000e+00 0.000000e+00 5.870992e-01 4.645718e-01
1.220000e+00 0.000000e+00 5.910865e-01 4.657278e-01
1.230000e+00 0.000000e+00 5.950607e-01 4.669116e-01
1.240000e+00 0.000000e+00 5.990216e-01 4.681229e-01
1.250000e+00 0.000000e+00 6.029686e-01 4.693612e-01
1.260000e+00 0.000000e+00 6.069016e-01 4.706261e-01
1.270000e+00 0.000000e+00 6.108201e-01 4.719171e-01
1.280000e+00 0.000000e+00 6.147238e-01 4.732337e-01
1.290000e+00 0.000000e+00 6.186124e-01 4.745755e-01
1.300000e+00 0.000000e+00 6.224855e-01 4.759421e-01
1.310000e+00 0.000000e+00 6.263427e-01 4.773329e-01
1.320000e+00 0.000000e+00 6.301837e-01 4.787474e-01
1.330000e+00 0.000000e+00 6.340082e-01 4.801851e-01
1.340000e+00 0.000000e+00 6.378158e-01 4.816456e-01
1.350000e+00 0.000000e+00 6.416063e-01 4.831282e-01
1.360000e+00 0.000000e+00 6.453792e-01 4.846325e-01
1.370000e+00 0.000000e+00 6.491342e-01 4.861580e-01
1.380000e+00 0.000000e+00 6.528710e-01 4.877041e-01
1.390000e+00 0.000000e+00 6.565893e-01 4.892702e-01
1.400000e+00 0.000000e+00 6.602887e-01 4.908558e-01
1.410000e+00 0.000000e+00 6.639689e-01 4.924604e-01
1.420000e+00 0.000000e+00 6.676295e-01 4.940833e-01
1.430000e+00 0.000000e+00 6.712703e-01 4.957239e-01
1.440000e+00 0.000000e+00 6.748910e-01 4.973818e-01
1.450000e+00 0.000000e+00 6.784911e-01 4.990563e-01
1.460000e+00 0.000000e+00 6.820705e-01 5.007468e-01
1.470000e+00 0.000000e+00 6.856286e-01 5.024527e-01
1.480000e+00 0.000000e+00 6.891654e-01 5.041735e-01
1.490000e+00 0.000000e+00 6.926804e-01 5.059084e-01
1.500000e+00 0.000000e+00 6.961733e-01 5.076569e-01
1.510000e+00 0.000000e+00 6.996438e-01 5.094184e-01
1.520000e+00 0.000000e+00 7.030916e-01 5.111922e-01
1.530000e+00 0.000000e+00 7.065164e-01 5.129777e-01
1.540000e+00 0.000000e+00 7.099179e-01 5.147742e-01
1.550000e+00 0.000000e+00 7.132958e-01 5.165812e-01
1.560000e+00 0.000000e+00 7.166498e-01 5.183980e-01
1.570000e+00 0.000000e+00 7.199796e-01 5.202240e-01
1.580000e+00 0.000000e+00 7.232848e-01 5.220584e-01
1.590000e+00 0.000000e+00 7.265653e-01 5.239007e-01
1.600000e+00 0.000000e+00 7.298207e-01 5.257501e-01
1.610000e+00 0.000000e+00 7.330507e-01 5.276061e-01
1.620000e+00 0.000000e+00 7.362551e-01 5.294680e-01
1.630000e+00 0.000000e+00 7.394335e-01 5.313351e-01
1.640000e+00 0.000000e+00 7.425857e-01 5.332067e-01
1.650000e+00 0.000000e+00 7.457113e-01 5.350822e-01
1.660000e+00 0.000000e+00 7.488102e-01 5.369609e-01
1.670000e+00 0.000000e+00 7.518820e-01 5.388422e-01
1.680000e+00 0.000000e+00 7.549265e-01 5.407253e-01
1.690000e+00 0.000000e+00 7.579434e-01 5.426097e-01
1.700000e+00 0.000000e+00 7.609324e-01 5.444946e-01
1.710000e+00 0.000000e+00 7.638932e-01 5.463793e-01
1.720000e+00 0.000000e+00 7.668257e-01 5.482633e-01
1.730000e+00 0.000000e+00 7.697295e-01 5.501458e-01
1.740000e+00 0.000000e+00 7.726044e-01 5.520262e-01
1.750000e+00 0.000000e+00 7.754500e-01 5.539037e-01
1.760000e+00 0.000000e+00 7.782663e-01 5.557778e-01
1.770000e+00 0.000000e+00 7.810529e-01 5.576478e-01
1.780000e+00 0.000000e+00 7.838095e-01 5.595129e-01
1.790000e+00 0.000000e+00 7.865360e-01 5.613726e-01
1.800000e+00 0.000000e+00 7.892321e-01 5.632261e-01
1.810000e+00 0.000000e+00 7.918975e-01 5.650729e-01
1.820000e+00 0.000000e+00 7.945320e-01 5.669123e-01
1.830000e+00 0.000000e+00 7.971354e-01 5.687435e-01
1.840000e+00 0.000000e+00 7.997075e-01 5.705660e-01
1.850000e+00 0.000000e+00 8.022480e-01 5.723791e-01
1.860000e+00 0.000000e+00 8.047566e-01 5.741822e-01
1.870000e+00 0.000000e+00 8.072332e-01 5.759746e-01
1.880000e+00 0.000000e+00 8.096776e-01 5.777556e-01
1.890000e+00 0.000000e+00 8.120895e-01 5.795248e-01
1.900000e+00 0.000000e+00 8.144687e-01 5.812813e-01
1.910000e+00 0.000000e+00 8.168150e-01 5.830247e-01
1.920000e+00 0.000000e+00 8.191282e-01 5.847542e-01
1.930000e+00 0.000000e+00 8.214081e-01 5.864693e-01
1.940000e+00 0.000000e+00 8.236545e-01 5.881694e-01
1.950000e+00 0.000000e+00 8.258672e-01 5.898538e-01
1.960000e+00 0.000000e+00 8.280460e-01 5.915220e-01
1.970000e+00 0.000000e+00 8.301906e-01 5.931733e-01
1.980000e+00 0.000000e+00 8.323010e-01 5.948072e-01
1.990000e+00 0.000000e+00 8.343769e-01 5.964231e-01
2.000000e+00 0.000000e+00 8.364182e-01 5.980205e-01
2.010000e+00 0.000000e+00 8.384245e-01 5.995987e-01
2.020000e+00 0.000000e+00 8.403959e-01 6.011571e-01
2.030000e+00 0.000000e+00 8.423321e-01 6.026953e-01
2.040000e+00 0.000000e+00 8.442329e-01 6.042128e-01
2.050000e+00 0.000000e+00 8.460981e-01 6.057088e-01
2.060000e+00 0.000000e+00 8.479277e-01 6.071830e-01
2.070000e+00 0.000000e+00 8.497214e-01 6.086348e-01
2.080000e+00 0.000000e+00 8.514790e-01 6.100636e-01
2.090000e+00 0.000000e+00 8.532005e-01 6.114691e-01
2.100000e+00 0.000000e+00 8.548857e-01 6.128506e-01
2.110000e+00 0.000000e+00 8.565343e-01 6.142077e-01
2.120000e+00 0.000000e+00 8.581463e-01 6.155399e-01
2.130000e+00 0.000000e+00 8.597216e-01 6.168467e-01
2.140000e+00 0.000000e+00 8.612599e-01 6.181277e-01
2.150000e+00 0.000000e+00 8.627612e-01 6.193824e-01
2.160000e+00 0.000000e+00 8.642253e-01 6.206104e-01
2.170000e+00 0.000000e+00 8.656521e-01 6.218112e-01
2.180000e+00 0.000000e+00 8.670414e-01 6.229844e-01
2.190000e+00 0.000000e+00 8.683932e-01 6.241296e-01
2.200000e+00 0.000000e+00 8.697073e-01 6.252464e-01
2.210000e+00 0.000000e+00 8.709836e-01 6.263343e-01
2.220000e+00 0.000000e+00 8.722219e-01 6.273930e-01
2.230000e+00 0.000000e+00 8.734223e-01 6.284222e-01
2.240000e+00 0.000000e+00 8.745845e-01 6.294214e-01
2.250000e+00 0.000000e+00 8.757085e-01 6.303903e-01
2.260000e+00 0.000000e+00 8.767941e-01 6.313285e-01
2.270000e+00 0.000000e+00 8.778413e-01 6.322358e-01
2.280000e+00 0.000000e+00 8.788500e-01 6.331118e-01
2.290000e+00 0.000000e+00 8.798201e-01 6.339561e-01
2.300000e+00 0.000000e+00 8.807515e-01 6.347686e-01
2.310000e+00 0.000000e+00 8.816441e-01 6.355488e-01
2.320000e+00 0.000000e+00 8.824978e-01 6.362966e-01
2.330000e+00 0.000000e+00 8.833126e-01 6.370116e-01
2.340000e+00 0.000000e+00 8.840884e-01 6.376936e-01
2.350000e+00 0.000000e+00 8.848251e-01 6.383424e-01
2.360000e+00 0.000000e+00 8.855226e-01 6.389577e-01
2.370000e+00 0.000000e+00 8.861810e-01 6.395393e-01
2.380000e+00 0.000000e+00 8.868001e-01 6.400870e-01
2.390000e+00 0.000000e+00 8.873798e-01 6.406006e-01
2.400000e+00 0.000000e+00 8.879202e-01 6.410800e-01
2.410000e+00 0.000000e+00 8.884212e-01 6.415249e-01
2.420000e+00 0.000000e+00 8.888827e-01 6.419352e-01
2.430000e+00 0.000000e+00 8.893047e-01 6.423107e-01
2.440000e+00 0.000000e+00 8.896871e-01 6.426514e-01
2.450000e+00 0.000000e+00 8.900300e-01 6.429571e-01
2.460000e+00 0.000000e+00 8.903333e-01 6.432276e-01
2.470000e+00 0.000000e+00 8.905969e-01 6.434630e-01
2.480000e+00 0.000000e+00 8.908209e-01 6.436630e-01
2.490000e+00 0.000000e+00 8.910052e-01 6.438277e-01
2.500000e+00 0.000000e+00 8.911498e-01 6.439570e-01
2.510000e+00 0.000000e+00 8.912547e-01 6.440508e-01
2.520000e+00 0.000000e+00 8.913199e-01 6.441091e-01
2.530000e+00 0.000000e+00 8.913454e-01 6.441318e-01
2.540000e+00 0.000000e+00 8.913311e-01 6.441191e-01
2.550000e+00 0.000000e+00 8.912772e-01 6.440708e-01
2.560000e+00 0.000000e+00 8.911835e-01 6.439870e-01
2.570000e+00 0.000000e+00 8.910501e-01 6.438678e-01
2.580000e+00 0.000000e+00 8.908770e-01 6.437131e-01
2.590000e+00 0.000000e+00 8.906642e-01 6.435230e-01
2.600000e+00 0.000000e+00 8.904117e-01 6.432976e-01
2.610000e+00 0.000000e+00 8.901196e-01 6.430370e-01
2.620000e+00 0.000000e+00 8.897879e-01 6.427412e-01
2.630000e+00 0.000000e+00 8.894166e-01 6.424104e-01
2.640000e+00 0.000000e+00 8.890058e-01 6.420447e-01
2.650000e+00 0.000000e+00 8.885554e-01 6.416442e-01
2.660000e+00 0.000000e+00 8.880656e-01 6.412090e-01
2.670000e+00 0.000000e+00 8.875363e-01 6.407394e-01
2.680000e+00 0.000000e+00 8.869676e-01 6.402354e-01
2.690000e+00 0.000000e+00 8.863596e-01 6.396973e-01
2.700000e+00 0.000000e+00 8.857124e-01 6.391253e-01
2.710000e+00 0.000000e+00 8.850259e-01 6.385194e-01
2.720000e+00 0.000000e+00 8.843002e-01 6.378801e-01
2.730000e+00 0.000000e+00 8.835355e-01 6.372074e-01
2.740000e+00 0.000000e+00 8.827317e-01 6.365017e-01
2.750000e+00 0.000000e+00 8.818889e-01 6.357631e-01
2.760000e+00 0.000000e+00 8.810073e-01 6.349920e-01
2.770000e+00 0.000000e+00 8.800869e-01 6.341887e-01
2.780000e+00 0.000000e+00 8.791277e-01 6.333533e-01
2.790000e+00 0.000000e+00 8.781299e-01 6.324862e-01
2.800000e+00 0.000000e+00 8.770935e-01 6.315877e-01
2.810000e+00 0.000000e+00 8.760187e-01 6.306582e-01
2.820000e+00 0.000000e+00 8.749056e-01 6.296979e-01
2.830000e+00 0.000000e+00 8.737541e-01 6.287072e-01
2.840000e+00 0.000000e+00 8.725645e-01 6.276865e-01
2.850000e+00 0.000000e+00 8.713369e-01 6.266360e-01
2.860000e+00 0.000000e+00 8.700713e-01 6.255563e-01
2.870000e+00 0.000000e+00 8.687678e-01 6.244476e-01
2.880000e+00 0.000000e+00 8.674267e-01 6.233104e-01
2.890000e+00 0.000000e+00 8.660479e-01 6.221451e-01
2.900000e+00 0.000000e+00 8.646317e-01 6.209520e-01
2.910000e+00 0.000000e+00 8.631781e-01 6.197317e-01
2.920000e+00 0.000000e+00 8.616873e-01 6.184845e-01
2.930000e+00 0.000000e+00 8.601594e-01 6.172109e-01
2.940000e+00 0.000000e+00 8.585946e-01 6.159113e-01
2.950000e+00 0.000000e+00 8.569929e-01 6.145862e-01
2.960000e+00 0.000000e+00 8.553546e-01 6.132361e-01
2.970000e+00 0.000000e+00 8.536797e-01 6.118614e-01
2.980000e+00 0.000000e+00 8.519685e-01 6.104627e-01
2.990000e+00 0.000000e+00 8.502210e-01 6.090403e-01
3.000000e+00 0.000000e+00 8.484375e-01 6.075950e-01
3.010000e+00 0.000000e+00 8.466181e-01 6.061271e-01
3.020000e+00 0.000000e+00 8.447629e-01 6.046371e-01
3.030000e+00 0.000000e+00 8.428721e-01 6.031257e-01
3.040000e+00 0.000000e+00 8.409459e-01 6.015933e-01
3.050000e+00 0.000000e+00 8.389844e-01 6.000405e-01
3.060000e+00 0.000000e+00 8.369879e-01 5.984678e-01
3.070000e+00 0.000000e+00 8.349565e-01 5.968758e-01
3.080000e+00 0.000000e+00 8.328903e-01 5.952651e-01
3.090000e+00 0.000000e+00 8.307897e-01 5.936362e-01
3.100000e+00 0.000000e+00 8.286547e-01 5.919897e-01
3.110000e+00 0.000000e+00 8.264855e-01 5.903262e-01
3.120000e+00 0.000000e+00 8.242824e-01 5.886463e-01
3.130000e+00 0.000000e+00 8.220455e-01 5.869506e-01
3.140000e+00 0.000000e+00 8.197750e-01 5.852397e-01
3.150000e+00 0.000000e+00 8.174712e-01 5.835142e-01
3.160000e+00 0.000000e+00 8.151342e-01 5.817747e-01
3.170000e+00 0.000000e+00 8.127642e-01 5.800218e-01
3.180000e+00 0.000000e+00 8.103615e-01 5.782561e-01
3.190000e+00 0.000000e+00 8.079263e-01 5.764783e-01
3.200000e+00 0.000000e+00 8.054587e-01 5.746891e-01
3.210000e+00 0.000000e+00 8.029591e-01 5.728890e-01
3.220000e+00 0.000000e+00 8.004276e-01 5.710786e-01
3.230000e+00 0.000000e+00 7.978645e-01 5.692587e-01
3.240000e+00 0.000000e+00 7.952699e-01 5.674299e-01
3.250000e+00 0.000000e+00 7.926441e-01 5.655928e-01
3.260000e+00 0.000000e+00 7.899874e-01 5.637480e-01
3.270000e+00 0.000000e+00 7.872999e-01 5.618963e-01
3.280000e+00 0.000000e+00 7.845820e-01 5.600383e-01
3.290000e+00 0.000000e+00 7.818339e-01 5.581746e-01
3.300000e+00 0.000000e+00 7.790557e-01 5.563059e-01
3.310000e+00 0.000000e+00 7.762478e-01 5.544330e-01
3.320000e+00 0.000000e+00 7.734104e-01 5.525563e-01
3.330000e+00 0.000000e+00 7.705437e-01 5.506767e-01
3.340000e+00 0.000000e+00 7.676480e-01 5.487947e-01
3.350000e+00 0.000000e+00 7.647237e-01 5.469111e-01
3.360000e+00 0.000000e+00 7.617708e-01 5.450265e-01
3.370000e+00 0.000000e+00 7.587897e-01 5.431415e-01
3.380000e+00 0.000000e+00 7.557807e-01 5.412570e-01
3.390000e+00 0.000000e+00 7.527439e-01 5.393734e-01
3.400000e+00 0.000000e+00 7.496798e-01 5.374915e-01
3.410000e+00 0.000000e+00 7.465886e-01 5.356120e-01
3.420000e+00 0.000000e+00 7.434704e-01 5.337356e-01
3.430000e+00 0.000000e+00 7.403257e-01 5.318628e-01
3.440000e+00 0.000000e+00 7.371547e-01 5.299944e-01
3.450000e+00 0.000000e+00 7.339576e-01 5.281310e-01
3.460000e+00 0.000000e+00 7.307348e-01 5.262732e-01
3.470000e+00 0.000000e+00 7.274865e-01 5.244219e-01
3.480000e+00 0.000000e+00 7.242131e-01 5.225775e-01
3.490000e+00 0.000000e+00 7.209148e-01 5.207408e-01
3.500000e+00 0.000000e+00 7.175919e-01 5.189124e-01
3.510000e+00 0.000000e+00 7.142447e-01 5.170930e-01
3.520000e+00 0.000000e+00 7.108735e-01 5.152831e-01
3.530000e+00 0.000000e+00 7.074787e-01 5.134836e-01
3.540000e+00 0.000000e+00 7.040604e-01 5.116949e-01
3.550000e+00 0.000000e+00 7.006190e-01 5.099177e-01
3.560000e+00 0.000000e+00 6.971549e-01 5.081527e-01
3.570000e+00 0.000000e+00 6.936683e-01 5.064005e-01
3.580000e+00 0.000000e+00 6.901595e-01 5.046616e-01
3.590000e+00 0.000000e+00 6.866289e-01 5.029368e-01
3.600000e+00 0.000000e+00 6.830767e-01 5.012267e-01
3.610000e+00 0.000000e+00 6.795033e-01 4.995318e-01
3.620000e+00 0.000000e+00 6.759090e-01 4.978527e-01
3.630000e+00 0.000000e+00 6.722941e-01 4.961901e-01
3.640000e+00 0.000000e+00 6.686590e-01 4.945445e-01
3.650000e+00 0.000000e+00 6.650039e-01 4.929165e-01
3.660000e+00 0.000000e+00 6.613292e-01 4.913067e-01
3.670000e+00 0.000000e+00 6.576351e-01 4.897157e-01
3.680000e+00 0.000000e+00 6.539222e-01 4.881440e-01
3.690000e+00 0.000000e+00 6.501906e-01 4.865922e-01
3.700000e+00 0.000000e+00 6.464406e-01 4.850609e-01
3.710000e+00 0.000000e+00 6.426728e-01 4.835506e-01
3.720000e+00 0.000000e+00 6.388872e-01 4.820617e-01
3.730000e+00 0.000000e+00 6.350844e-01 4.805950e-01
3.740000e+00 0.000000e+00 6.312646e-01 4.791508e-01
3.750000e+00 0.000000e+00 6.274282e-01 4.777296e-01
3.760000e+00 0.000000e+00 6.235756e-01 4.763321e-01
3.770000e+00 0.000000e+00 6.197069e-01 4.749587e-01
3.780000e+00 0.000000e+00 6.158227e-01 4.736098e-01
3.790000e+00 0.000000e+00 6.119233e-01 4.722860e-01
3.800000e+00 0.000000e+00 6.080089e-01 4.709878e-01
3.810000e+00 0.000000e+00 6.040800e-01 4.697155e-01
3.820000e+00 0.000000e+00 6.001368e-01 4.684696e-01
3.830000e+00 0.000000e+00 5.961798e-01 4.672507e-01
3.840000e+00 0.000000e+00 5.922093e-01 4.660590e-01
3.850000e+00 0.000000e+00 5.882257e-01 4.648951e-01
3.860000e+00 0.000000e+00 5.842292e-01 4.637594e-01
3.870000e+00 0.000000e+00 5.802203e-01 4.626522e-01
3.880000e+00 0.000000e+00 5.761993e-01 4.615739e-01
3.890000e+00 0.000000e+00 5.721666e-01 4.605250e-01
3.900000e+00 0.000000e+00 5.681225e-01 4.595058e-01
3.910000e+00 0.000000e+00 5.640674e-01 4.585167e-01
3.920000e+00 0.000000e+00 5.600017e-01 4.575579e-01
3.930000e+00 0.000000e+00 5.559256e-01 4.566300e-01
3.940000e+00 0.000000e+00 5.518396e-01 4.557331e-01
3.950000e+00 0.000000e+00 5.477441e-01 4.548676e-01
3.960000e+00 0.000000e+00 5.436394e-01 4.540339e-01
3.970000e+00 0.000000e+00 5.395258e-01 4.532321e-01
3.980000e+00 0.000000e+00 5.354037e-01 4.524627e-01
3.990000e+00 0.000000e+00 5.312735e-01 4.517258e-01
4.000000e+00 0.000000e+00 5.271356e-01 4.510218e-01
4.010000e+00 0.000000e+00 5.229904e-01 4.503508e-01
4.020000e+00 0.000000e+00 5.188381e-01 4.497132e-01
4.030000e+00 0.000000e+00 5.146791e-01 4.491091e-01
4.040000e+00 0.000000e+00 5.105140e-01 4.485387e-01
4.050000e+00 0.000000e+00 5.063429e-01 4.480024e-01
4.060000e+00 0.000000e+00 5.021663e-01 4.475002e-01
4.070000e+00 0.000000e+00 4.979845e-01 4.470323e-01
4.080000e+00 0.000000e+00 4.937979e-01 4.465989e-01
4.090000e+00 0.000000e+00 4.896070e-01 4.462002e-01
4.100000e+00 0.000000e+00 4.854120e-01 4.458362e-01
4.110000e+00 0.000000e+00 4.812133e-01 4.455072e-01
4.120000e+00 0.000000e+00 4.770114e-01 4.452132e-01
4.130000e+00 0.000000e+00 4.728065e-01 4.449544e-01
4.140000e+00 0.000000e+00 4.685991e-01 4.447308e-01
4.150000e+00 0.000000e+00 4.643895e-01 4.445426e-01
4.160000e+00 0.000000e+00 4.601781e-01 4.443897e-01
4.170000e+00 0.000000e+00 4.559652e-01 4.442722e-01
4.180000e+00 0.000000e+00 4.517514e-01 4.441902e-01
4.190000e+00 0.000000e+00 4.475368e-01 4.441438e-01
4.200000e+00 0.000000e+00 4.433219e-01 4.441329e-01
4.210000e+00 0.000000e+00 4.391072e-01 4.441574e-01
4.220000e+00 0.000000e+00 4.348928e-01 4.442176e-01
4.230000e+00 0.000000e+00 4.306793e-01 4.443132e-01
4.240000e+00 0.000000e+00 4.264670e-01 4.444443e-01
4.250000e+00 0.000000e+00 4.222562e-01 4.446108e-01
4.260000e+00 0.000000e+00 4.180474e-01 4.448126e-01
4.270000e+00 0.000000e+00 4.138409e-01 4.450498e-01
4.280000e+00 0.000000e+00 4.096371e-01 4.453221e-01
4.290000e+00 0.000000e+00 4.054364e-01 4.456296e-01
4.300000e+00 0.000000e+00 4.012391e-01 4.459720e-01
4.310000e+00 0.000000e+00 3.970456e-01 4.463493e-01
4.320000e+00 0.000000e+00 3.928563e-01 4.467614e-01
4.330000e+00 0.000000e+00 3.886715e-01 4.472081e-01
4.340000e+00 0.000000e+00 3.844917e-01 4.476892e-01
4.350000e+00 0.000000e+00 3.803172e-01 4.482046e-01
4.360000e+00 0.000000e+00 3.761483e-01 4.487540e-01
4.370000e+00 0.000000e+00 3.719855e-01 4.493373e-01
4.380000e+00 0.000000e+00 3.678291e-01 4.499544e-01
4.390000e+00 0.000000e+00 3.636795e-01 4.506048e-01
4.400000e+00 0.000000e+00 3.595370e-01 4.512886e-01
4.410000e+00 0.000000e+00 3.554020e-01 4.520052e-01
4.420000e+00 0.000000e+00 3.512749e-01 4.527547e-01
4.430000e+00 0.000000e+00 3.471560e-01 4.535366e-01
4.440000e+00 0.000000e+00 3.430458e-01 4.543507e-01
4.450000e+00 0.000000e+00 3.389446e-01 4.551966e-01
4.460000e+00 0.000000e+00 3.348527e-01 4.560742e-01
4.470000e+00 0.000000e+00 3.307705e-01 4.569831e-01
4.480000e+00 0.000000e+00 3.266983e-01 4.579229e-01
4.490000e+00 0.000000e+00 3.226366e-01 4.588934e-01
4.500000e+00 0.000000e+00 3.185857e-01 4.598941e-01
4.510000e+00 0.000000e+00 3.145459e-01 4.609248e-01
4.520000e+00 0.000000e+00 3.105177e-01 4.619850e-01
4.530000e+00 0.000000e+00 3.065013e-01 4.630745e-01
4.540000e+00 0.000000e+00 3.024972e-01 4.641927e-01
4.550000e+00 0.000000e+00 2.985056e-01 4.653393e-01
4.560000e+00 0.000000e+00 2.945270e-01 4.665139e-01
4.570000e+00 0.000000e+00 2.905616e-01 4.677161e-01
4.580000e+00 0.000000e+00 2.866099e-01 4.689455e-01
4.590000e+00 0.000000e+00 2.826722e-01 4.702015e-01
4.600000e+00 0.000000e+00 2.787488e-01 4.714839e-01
4.610000e+00 0.000000e+00 2.748401e-01 4.727920e-01
4.620000e+00 0.000000e+00 2.709465e-01 4.741255e-01
4.630000e+00 0.000000e+00 2.670682e-01 4.754839e-01
4.640000e+00 0.000000e+00 2.632057e-01 4.768666e-01
4.650000e+00 0.000000e+00 2.593592e-01 4.782733e-01
4.660000e+00 0.000000e+00 2.555292e-01 4.797033e-01
4.670000e+00 0.000000e+00 2.517159e-01 4.811562e-01
4.680000e+00 0.000000e+00 2.479197e-01 4.826316e-01
4.690000e+00 0.000000e+00 2.441409e-01 4.841287e-01
4.700000e+00 0.000000e+00 2.403799e-01 4.856472e-01
4.710000e+00 0.000000e+00 2.366370e-01 4.871865e-01
4.720000e+00 0.000000e+00 2.329125e-01 4.887460e-01
4.730000e+00 0.000000e+00 2.292067e-01 4.903251e-01
4.740000e+00 0.000000e+00 2.255201e-01 4.919234e-01
4.750000e+00 0.000000e+00 2.218529e-01 4.935403e-01
4.760000e+00 0.000000e+00 2.182054e-01 4.951751e-01
4.770000e+00 0.000000e+00 2.145780e-01 4.968273e-01
4.780000e+00 0.000000e+00 2.109710e-01 4.984963e-01
4.790000e+00 0.000000e+00 2.073847e-01 5.001816e-01
4.800000e+00 0.000000e+00 2.038194e-01 5.018824e-01
4.810000e+00 0.000000e+00 2.002755e-01 5.035983e-01
4.820000e+00 0.000000e+00 1.967533e-01 5.053285e-01
4.830000e+00 0.000000e+00 1.932530e-01 5.070726e-01
4.840000e+00 0.000000e+00 1.897750e-01 5.088298e-01
4.850000e+00 0.000000e+00 1.863195e-01 5.105996e-01
4.860000e+00 0.000000e+00 1.828870e-01 5.123812e-01
4.870000e+00 0.000000e+00 1.794777e-01 5.141742e-01
4.880000e+00 0.000000e+00 1.760919e-01 5.159778e-01
4.890000e+00 0.000000e+00 1.727299e-01 5.177914e-01
4.900000e+00 0.000000e+00 1.693921e-01 5.196143e-01
4.910000e+00 0.000000e+00 1.660786e-01 5.214460e-01
4.920000e+00 0.000000e+00 1.627898e-01 5.232857e-01
4.930000e+00 0.000000e+00 1.595260e-01 5.251329e-01
4.940000e+00 0.000000e+00 1.562875e-01 5.269868e-01
4.950000e+00 0.000000e+00 1.530746e-01 5.288467e-01
4.960000e+00 0.000000e+00 1.498875e-01 5.307122e-01
4.970000e+00 0.000000e+00 1.467265e-01 5.325823e-01
4.980000e+00 0.000000e+00 1.435920e-01 5.344566e-01
4.990000e+00 0.000000e+00 1.404841e-01 5.363343e-01
5.000000e+00 0.000000e+00 1.374033e-01 5.382148e-01
