# E = 0.049348
# x, V(x), psi, |psi|^2
-5.000000e+00 0.000000e+00 1.833855e-01 6.731405e-02
-4.990000e+00 0.000000e+00 1.847252e-01 6.767499e-02
-4.980000e+00 0.000000e+00 1.860635e-01 6.803915e-02
-4.970000e+00 0.000000e+00 1.874006e-01 6.840653e-02
-4.960000e+00 0.000000e+00 1.887362e-01 6.877709e-02
-4.950000e+00 0.000000e+00 1.900705e-01 6.915084e-02
-4.940000e+00 0.000000e+00 1.914034e-01 6.952776e-02
-4.930000e+00 0.000000e+00 1.927349e-01 6.990782e-02
-4.920000e+00 0.000000e+00 1.940650e-01 7.029102e-02
-4.910000e+00 0.000000e+00 1.953936e-01 7.067734e-02
-4.900000e+00 0.000000e+00 1.967209e-01 7.106677e-02
-4.890000e+00 0.000000e+00 1.980466e-01 7.145929e-02
-4.880000e+00 0.000000e+00 1.993709e-01 7.185488e-02
-4.870000e+00 0.000000e+00 2.006937e-01 7.225354e-02
-4.860000e+00 0.000000e+00 2.020150e-01 7.265523e-02
-4.850000e+00 0.000000e+00 2.033348e-01 7.305996e-02
-4.840000e+00 0.000000e+00 2.046531e-01 7.346769e-02
-4.830000e+00 0.000000e+00 2.059699e-01 7.387843e-02
-4.820000e+00 0.000000e+00 2.072851e-01 7.429214e-02
-4.810000e+00 0.000000e+00 2.085987e-01 7.470881e-02
-4.800000e+00 0.000000e+00 2.099108e-01 7.512843e-02
-4.790000e+00 0.000000e+00 2.112213e-01 7.555098e-02
-4.780000e+00 0.000000e+00 2.125302e-01 7.597645e-02
-4.770000e+00 0.000000e+00 2.138375e-01 7.640481e-02
-4.760000e+00 0.000000e+00 2.151431e-01 7.683605e-02
-4.750000e+00 0.000000e+00 2.164472e-01 7.727015e-02
-4.740000e+00 0.000000e+00 2.177496e-01 7.770710e-02
-4.730000e+00 0.000000e+00 2.190503e-01 7.814687e-02
-4.720000e+00 0.000000e+00 2.203493e-01 7.858946e-02
-4.710000e+00 0.000000e+00 2.216467e-01 7.903484e-02
-4.700000e+00 0.000000e+00 2.229423e-01 7.948300e-02
-4.690000e+00 0.000000e+00 2.242363e-01 7.993392e-02
-4.680000e+00 0.000000e+00 2.255285e-01 8.038757e-02
-4.670000e+00 0.000000e+00 2.268189e-01 8.084395e-02
-4.660000e+00 0.000000e+00 2.281077e-01 8.130303e-02
-4.650000e+00 0.000000e+00 2.293946e-01 8.176480e-02
-4.640000e+00 0.000000e+00 2.306798e-01 8.222924e-02
-4.630000e+00 0.000000e+00 2.319632e-01 8.269632e-02
-4.620000e+00 0.000000e+00 2.332448e-01 8.316604e-02
-4.610000e+00 0.000000e+00 2.345246e-01 8.363837e-02
-4.600000e+00 0.000000e+00 2.358025e-01 8.411329e-02
-4.590000e+00 0.000000e+00 2.370786e-01 8.459079e-02
-4.580000e+00 0.000000e+00 2.383529e-01 8.507085e-02
-4.570000e+00 0.000000e+00 2.396252e-01 8.555344e-02
-4.560000e+00 0.000000e+00 2.408958e-01 8.603856e-02
-4.550000e+00 0.000000e+00 2.421644e-01 8.652617e-02
-4.540000e+00 0.000000e+00 2.434311e-01 8.701626e-02
-4.530000e+00 0.000000e+00 2.446959e-01 8.750881e-02
-4.520000e+00 0.000000e+00 2.459588e-01 8.800381e-02
-4.510000e+00 0.000000e+00 2.472197e-01 8.850122e-02
-4.500000e+00 0.000000e+00 2.484787e-01 8.900104e-02
-4.490000e+00 0.000000e+00 2.497357e-01 8.950324e-02
-4.480000e+00 0.000000e+00 2.509907e-01 9.000780e-02
-4.470000e+00 0.000000e+00 2.522438e-01 9.051471e-02
-4.460000e+00 0.000000e+00 2.534948e-01 9.102394e-02
-4.450000e+00 0.000000e+00 2.547438e-01 9.153547e-02
-4.440000e+00 0.000000e+00 2.559909e-01 9.204928e-02
-4.430000e+00 0.000000e+00 2.572358e-01 9.256536e-02
-4.420000e+00 0.000000e+00 2.584787e-01 9.308367e-02
-4.410000e+00 0.000000e+00 2.597196e-01 9.360421e-02
-4.400000e+00 0.000000e+00 2.609583e-01 9.412695e-02
-4.390000e+00 0.000000e+00 2.621950e-01 9.465187e-02
-4.380000e+00 0.000000e+00 2.634296e-01 9.517895e-02
-4.370000e+00 0.000000e+00 2.646621e-01 9.570816e-02
-4.360000e+00 0.000000e+00 2.658924e-01 9.623950e-02
-4.350000e+00 0.000000e+00 2.671206e-01 9.677293e-02
-4.340000e+00 0.000000e+00 2.683467e-01 9.730843e-02
-4.330000e+00 0.000000e+00 2.695706e-01 9.784599e-02
-4.320000e+00 0.000000e+00 2.707923e-01 9.838559e-02
-4.310000e+00 0.000000e+00 2.720118e-01 9.892719e-02
-4.300000e+00 0.000000e+00 2.732292e-01 9.947079e-02
-4.290000e+00 0.000000e+00 2.744443e-01 1.000164e-01
-4.280000e+00 0.000000e+00 2.756572e-01 1.005639e-01
-4.270000e+00 0.000000e+00 2.768679e-01 1.011133e-01
-4.260000e+00 0.000000e+00 2.780763e-01 1.016646e-01
-4.250000e+00 0.000000e+00 2.792825e-01 1.022179e-01
-4.240000e+00 0.000000e+00 2.804864e-01 1.027730e-01
-4.230000e+00 0.000000e+00 2.816880e-01 1.033299e-01
-4.220000e+00 0.000000e+00 2.828873e-01 1.038886e-01
-4.210000e+00 0.000000e+00 2.840843e-01 1.044492e-01
-4.200000e+00 0.000000e+00 2.852791e-01 1.050115e-01
-4.190000e+00 0.000000e+00 2.864714e-01 1.055755e-01
-4.180000e+00 0.000000e+00 2.876615e-01 1.061413e-01
-4.170000e+00 0.000000e+00 2.888491e-01 1.067088e-01
-4.160000e+00 0.000000e+00 2.900345e-01 1.072780e-01
-4.150000e+00 0.000000e+00 2.912174e-01 1.078488e-01
-4.140000e+00 0.000000e+00 2.923980e-01 1.084213e-01
-4.130000e+00 0.000000e+00 2.935761e-01 1.089954e-01
-4.120000e+00 0.000000e+00 2.947519e-01 1.095711e-01
-4.110000e+00 0.000000e+00 2.959252e-01 1.101483e-01
-4.100000e+00 0.000000e+00 2.970961e-01 1.107271e-01
-4.090000e+00 0.000000e+00 2.982645e-01 1.113075e-01
-4.080000e+00 0.000000e+00 2.994305e-01 1.118893e-01
-4.070000e+00 0.000000e+00 3.005941e-01 1.124726e-01
-4.060000e+00 0.000000e+00 3.017551e-01 1.130574e-01
-4.050000e+00 0.000000e+00 3.029137e-01 1.136436e-01
-4.040000e+00 0.000000e+00 3.040697e-01 1.142312e-01
-4.030000e+00 0.000000e+00 3.052232e-01 1.148201e-01
-4.020000e+00 0.000000e+00 3.063743e-01 1.154105e-01
-4.010000e+00 0.000000e+00 3.075227e-01 1.160022e-01
-4.000000e+00 0.000000e+00 3.086686e-01 1.165952e-01
-3.990000e+00 0.000000e+00 3.098120e-01 1.171895e-01
-3.980000e+00 0.000000e+00 3.109528e-01 1.177851e-01
-3.970000e+00 0.000000e+00 3.120910e-01 1.183819e-01
-3.960000e+00 0.000000e+00 3.132266e-01 1.189799e-01
-3.950000e+00 0.000000e+00 3.143597e-01 1.195792e-01
-3.940000e+00 0.000000e+00 3.154901e-01 1.201796e-01
-3.930000e+00 0.000000e+00 3.166178e-01 1.207812e-01
-3.920000e+00 0.000000e+00 3.177430e-01 1.213839e-01
-3.910000e+00 0.000000e+00 3.188655e-01 1.219877e-01
-3.900000e+00 0.000000e+00 3.199853e-01 1.225925e-01
-3.890000e+00 0.000000e+00 3.211024e-01 1.231985e-01
-3.880000e+00 0.000000e+00 3.222169e-01 1.238055e-01
-3.870000e+00 0.000000e+00 3.233287e-01 1.244134e-01
-3.860000e+00 0.000000e+00 3.244378e-01 1.250224e-01
-3.850000e+00 0.000000e+00 3.255441e-01 1.256323e-01
-3.840000e+00 0.000000e+00 3.266478e-01 1.262432e-01
-3.830000e+00 0.000000e+00 3.277487e-01 1.268549e-01
-3.820000e+00 0.000000e+00 3.288468e-01 1.274676e-01
-3.810000e+00 0.000000e+00 3.299422e-01 1.280811e-01
-3.800000e+00 0.000000e+00 3.310348e-01 1.286955e-01
-3.790000e+00 0.000000e+00 3.321247e-01 1.293107e-01
-3.780000e+00 0.000000e+00 3.332117e-01 1.299266e-01
-3.770000e+00 0.000000e+00 3.342960e-01 1.305434e-01
-3.760000e+00 0.000000e+00 3.353774e-01 1.311608e-01
-3.750000e+00 0.000000e+00 3.364560e-01 1.317790e-01
-3.740000e+00 0.000000e+00 3.375318e-01 1.323979e-01
-3.730000e+00 0.000000e+00 3.386047e-01 1.330175e-01
-3.720000e+00 0.000000e+00 3.396748e-01 1.336377e-01
-3.710000e+00 0.000000e+00 3.407420e-01 1.342585e-01
-3.700000e+00 0.000000e+00 3.418064e-01 1.348799e-01
-3.690000e+00 0.000000e+00 3.428678e-01 1.355019e-01
-3.680000e+00 0.000000e+00 3.439264e-01 1.361244e-01
-3.670000e+00 0.000000e+00 3.449820e-01 1.367475e-01
-3.660000e+00 0.000000e+00 3.460348e-01 1.373711e-01
-3.650000e+00 0.000000e+00 3.470846e-01 1.379951e-01
-3.640000e+00 0.000000e+00 3.481314e-01 1.386196e-01
-3.630000e+00 0.000000e+00 3.491754e-01 1.392445e-01
-3.620000e+00 0.000000e+00 3.502163e-01 1.398698e-01
-3.610000e+00 0.000000e+00 3.512543e-01 1.404954e-01
-3.600000e+00 0.000000e+00 3.522893e-01 1.411215e-01
-3.590000e+00 0.000000e+00 3.533213e-01 1.417478e-01
-3.580000e+00 0.000000e+00 3.543504e-01 1.423744e-01
-3.570000e+00 0.000000e+00 3.553764e-01 1.430014e-01
-3.560000e+00 0.000000e+00 3.563994e-01 1.436285e-01
-3.550000e+00 0.000000e+00 3.574193e-01 1.442559e-01
-3.540000e+00 0.000000e+00 3.584362e-01 1.448835e-01
-3.530000e+00 0.000000e+00 3.594501e-01 1.455113e-01
-3.520000e+00 0.000000e+00 3.604609e-01 1.461392e-01
-3.510000e+00 0.000000e+00 3.614686e-01 1.467673e-01
-3.500000e+00 0.000000e+00 3.624733e-01 1.473955e-01
-3.490000e+00 0.000000e+00 3.634748e-01 1.480237e-01
-3.480000e+00 0.000000e+00 3.644733e-01 1.486520e-01
-3.470000e+00 0.000000e+00 3.654687e-01 1.492803e-01
-3.460000e+00 0.000000e+00 3.664609e-01 1.499086e-01
-3.450000e+00 0.000000e+00 3.674500e-01 1.505369e-01
-3.440000e+00 0.000000e+00 3.684360e-01 1.511651e-01
-3.430000e+00 0.000000e+00 3.694188e-01 1.517933e-01
-3.420000e+00 0.000000e+00 3.703984e-01 1.524214e-01
-3.410000e+00 0.000000e+00 3.713749e-01 1.530493e-01
-3.400000e+00 0.000000e+00 3.723482e-01 1.536772e-01
-3.390000e+00 0.000000e+00 3.733184e-01 1.543048e-01
-3.380000e+00 0.000000e+00 3.742853e-01 1.549322e-01
-3.370000e+00 0.000000e+00 3.752490e-01 1.555595e-01
-3.360000e+00 0.000000e+00 3.762095e-01 1.561864e-01
-3.350000e+00 0.000000e+00 3.771668e-01 1.568132e-01
-3.340000e+00 0.000000e+00 3.781208e-01 1.574396e-01
-3.330000e+00 0.000000e+00 3.790716e-01 1.580657e-01
-3.320000e+00 0.000000e+00 3.800191e-01 1.586914e-01
-3.310000e+00 0.000000e+00 3.809634e-01 1.593168e-01
-3.300000e+00 0.000000e+00 3.819044e-01 1.599418e-01
-3.290000e+00 0.000000e+00 3.828421e-01 1.605664e-01
-3.280000e+00 0.000000e+00 3.837766e-01 1.611905e-01
-3.270000e+00 0.000000e+00 3.847077e-01 1.618141e-01
-3.260000e+00 0.000000e+00 3.856355e-01 1.624373e-01
-3.250000e+00 0.000000e+00 3.865600e-01 1.630600e-01
-3.240000e+00 0.000000e+00 3.874812e-01 1.636821e-01
-3.230000e+00 0.000000e+00 3.883990e-01 1.643036e-01
-3.220000e+00 0.000000e+00 3.893135e-01 1.649246e-01
-3.210000e+00 0.000000e+00 3.902247e-01 1.655449e-01
-3.200000e+00 0.000000e+00 3.911324e-01 1.661646e-01
-3.190000e+00 0.000000e+00 3.920368e-01 1.667836e-01
-3.180000e+00 0.000000e+00 3.929378e-01 1.674020e-01
-3.170000e+00 0.000000e+00 3.938355e-01 1.680196e-01
-3.160000e+00 0.000000e+00 3.947297e-01 1.686365e-01
-3.150000e+00 0.000000e+00 3.956205e-01 1.692526e-01
-3.140000e+00 0.000000e+00 3.965079e-01 1.698680e-01
-3.130000e+00 0.000000e+00 3.973919e-01 1.704825e-01
-3.120000e+00 0.000000e+00 3.982724e-01 1.710962e-01
-3.110000e+00 0.000000e+00 3.991495e-01 1.717091e-01
-3.100000e+00 0.000000e+00 4.000231e-01 1.723210e-01
-3.090000e+00 0.000000e+00 4.008933e-01 1.729321e-01
-3.080000e+00 0.000000e+00 4.017600e-01 1.735422e-01
-3.070000e+00 0.000000e+00 4.026232e-01 1.741514e-01
-3.060000e+00 0.000000e+00 4.034830e-01 1.747596e-01
-3.050000e+00 0.000000e+00 4.043392e-01 1.753668e-01
-3.040000e+00 0.000000e+00 4.051920e-01 1.759729e-01
-3.030000e+00 0.000000e+00 4.060412e-01 1.765780e-01
-3.020000e+00 0.000000e+00 4.068869e-01 1.771821e-01
-3.010000e+00 0.000000e+00 4.077291e-01 1.777850e-01
-3.000000e+00 0.000000e+00 4.085677e-01 1.783868e-01
-2.990000e+00 0.000000e+00 4.094028e-01 1.789875e-01
-2.980000e+00 0.000000e+00 4.102344e-01 1.795870e-01
-2.970000e+00 0.000000e+00 4.110624e-01 1.801853e-01
-2.960000e+00 0.000000e+00 4.118868e-01 1.807824e-01
-2.950000e+00 0.000000e+00 4.127076e-01 1.813782e-01
-2.940000e+00 0.000000e+00 4.135249e-01 1.819728e-01
-2.930000e+00 0.000000e+00 4.143385e-01 1.825661e-01
-2.920000e+00 0.000000e+00 4.151486e-01 1.831581e-01
-2.910000e+00 0.000000e+00 4.159550e-01 1.837487e-01
-2.900000e+00 0.000000e+00 4.167579e-01 1.843380e-01
-2.890000e+00 0.000000e+00 4.175571e-01 1.849259e-01
-2.880000e+00 0.000000e+00 4.183526e-01 1.855124e-01
-2.870000e+00 0.000000e+00 4.191445e-01 1.860975e-01
-2.860000e+00 0.000000e+00 4.199328e-01 1.866811e-01
-2.850000e+00 0.000000e+00 4.207174e-01 1.872633e-01
-2.840000e+00 0.000000e+00 4.214984e-01 1.878439e-01
-2.830000e+00 0.000000e+00 4.222757e-01 1.884230e-01
-2.820000e+00 0.000000e+00 4.230493e-01 1.890006e-01
-2.810000e+00 0.000000e+00 4.238192e-01 1.895767e-01
-2.800000e+00 0.000000e+00 4.245854e-01 1.901511e-01
-2.790000e+00 0.000000e+00 4.253479e-01 1.907239e-01
-2.780000e+00 0.000000e+00 4.261067e-01 1.912951e-01
-2.770000e+00 0.000000e+00 4.268618e-01 1.918647e-01
-2.760000e+00 0.000000e+00 4.276131e-01 1.924325e-01
-2.750000e+00 0.000000e+00 4.283607e-01 1.929987e-01
-2.740000e+00 0.000000e+00 4.291046e-01 1.935631e-01
-2.730000e+00 0.000000e+00 4.298448e-01 1.941258e-01
-2.720000e+00 0.000000e+00 4.305811e-01 1.946867e-01
-2.710000e+00 0.000000e+00 4.313137e-01 1.952458e-01
-2.700000e+00 0.000000e+00 4.320426e-01 1.958032e-01
-2.690000e+00 0.000000e+00 4.327677e-01 1.963586e-01
-2.680000e+00 0.000000e+00 4.334889e-01 1.969123e-01
-2.670000e+00 0.000000e+00 4.342064e-01 1.974640e-01
-2.660000e+00 0.000000e+00 4.349201e-01 1.980139e-01
-2.650000e+00 0.000000e+00 4.356300e-01 1.985618e-01
-2.640000e+00 0.000000e+00 4.363361e-01 1.991078e-01
-2.630000e+00 0.000000e+00 4.370383e-01 1.996518e-01
-2.620000e+00 0.000000e+00 4.377368e-01 2.001938e-01
-2.610000e+00 0.000000e+00 4.384314e-01 2.007339e-01
-2.600000e+00 0.000000e+00 4.391221e-01 2.012719e-01
-2.590000e+00 0.000000e+00 4.398090e-01 2.018078e-01
-2.580000e+00 0.000000e+00 4.404921e-01 2.023417e-01
-2.570000e+00 0.000000e+00 4.411713e-01 2.028735e-01
-2.560000e+00 0.000000e+00 4.418466e-01 2.034032e-01
-2.550000e+00 0.000000e+00 4.425181e-01 2.039307e-01
-2.540000e+00 0.000000e+00 4.431856e-01 2.044561e-01
-2.530000e+00 0.000000e+00 4.438493e-01 2.049793e-01
-2.520000e+00 0.000000e+00 4.445091e-01 2.055003e-01
-2.510000e+00 0.000000e+00 4.451650e-01 2.060191e-01
-2.500000e+00 0.000000e+00 4.458170e-01 2.065357e-01
-2.490000e+00 0.000000e+00 4.464651e-01 2.070500e-01
-2.480000e+00 0.000000e+00 4.471092e-01 2.075620e-01
-2.470000e+00 0.000000e+00 4.477495e-01 2.080717e-01
-2.460000e+00 0.000000e+00 4.483858e-01 2.085791e-01
-2.450000e+00 0.000000e+00 4.490181e-01 2.090842e-01
-2.440000e+00 0.000000e+00 4.496465e-01 2.095869e-01
-2.430000e+00 0.000000e+00 4.502710e-01 2.100873e-01
-2.420000e+00 0.000000e+00 4.508915e-01 2.105852e-01
-2.410000e+00 0.000000e+00 4.515080e-01 2.110807e-01
-2.400000e+00 0.000000e+00 4.521206e-01 2.115738e-01
-2.390000e+00 0.000000e+00 4.527292e-01 2.120644e-01
-2.380000e+00 0.000000e+00 4.533338e-01 2.125526e-01
-2.370000e+00 0.000000e+00 4.539345e-01 2.130382e-01
-2.360000e+00 0.000000e+00 4.545311e-01 2.135214e-01
-2.350000e+00 0.000000e+00 4.551237e-01 2.140020e-01
-2.340000e+00 0.000000e+00 4.557124e-01 2.144800e-01
-2.330000e+00 0.000000e+00 4.562970e-01 2.149555e-01
-2.320000e+00 0.000000e+00 4.568776e-01 2.154284e-01
-2.310000e+00 0.000000e+00 4.574542e-01 2.158987e-01
-2.300000e+00 0.000000e+00 4.580267e-01 2.163663e-01
-2.290000e+00 0.000000e+00 4.585953e-01 2.168313e-01
-2.280000e+00 0.000000e+00 4.591598e-01 2.172937e-01
-2.270000e+00 0.000000e+00 4.597202e-01 2.177533e-01
-2.260000e+00 0.000000e+00 4.602766e-01 2.182103e-01
-2.250000e+00 0.000000e+00 4.608289e-01 2.186645e-01
-2.240000e+00 0.000000e+00 4.613772e-01 2.191161e-01
-2.230000e+00 0.000000e+00 4.619214e-01 2.195648e-01
-2.220000e+00 0.000000e+00 4.624615e-01 2.200108e-01
-2.210000e+00 0.000000e+00 4.629976e-01 2.204540e-01
-2.200000e+00 0.000000e+00 4.635296e-01 2.208944e-01
-2.190000e+00 0.000000e+00 4.640574e-01 2.213319e-01
-2.180000e+00 0.000000e+00 4.645812e-01 2.217666e-01
-2.170000e+00 0.000000e+00 4.651009e-01 2.221985e-01
-2.160000e+00 0.000000e+00 4.656165e-01 2.226275e-01
-2.150000e+00 0.000000e+00 4.661280e-01 2.230536e-01
-2.140000e+00 0.000000e+00 4.666354e-01 2.234768e-01
-2.130000e+00 0.000000e+00 4.671386e-01 2.238970e-01
-2.120000e+00 0.000000e+00 4.676377e-01 2.243143e-01
-2.110000e+00 0.000000e+00 4.681327e-01 2.247287e-01
-2.100000e+00 0.000000e+00 4.686236e-01 2.251400e-01
-2.090000e+00 0.000000e+00 4.691103e-01 2.255484e-01
-2.080000e+00 0.000000e+00 4.695929e-01 2.259538e-01
-2.070000e+00 0.000000e+00 4.700714e-01 2.263562e-01
-2.060000e+00 0.000000e+00 4.705456e-01 2.267555e-01
-2.050000e+00 0.000000e+00 4.710158e-01 2.271517e-01
-2.040000e+00 0.000000e+00 4.714817e-01 2.275449e-01
-2.030000e+00 0.000000e+00 4.719435e-01 2.279350e-01
-2.020000e+00 0.000000e+00 4.724012e-01 2.283220e-01
-2.010000e+00 0.000000e+00 4.728546e-01 2.287059e-01
-2.000000e+00 0.000000e+00 4.733039e-01 2.290866e-01
-1.990000e+00 0.000000e+00 4.737490e-01 2.294642e-01
-1.980000e+00 0.000000e+00 4.741899e-01 2.298386e-01
-1.970000e+00 0.000000e+00 4.746266e-01 2.302099e-01
-1.960000e+00 0.000000e+00 4.750591e-01 2.305779e-01
-1.950000e+00 0.000000e+00 4.754874e-01 2.309428e-01
-1.940000e+00 0.000000e+00 4.759115e-01 2.313044e-01
-1.930000e+00 0.000000e+00 4.763314e-01 2.316628e-01
-1.920000e+00 0.000000e+00 4.767471e-01 2.320180e-01
-1.910000e+00 0.000000e+00 4.771586e-01 2.323699e-01
-1.900000e+00 0.000000e+00 4.775658e-01 2.327185e-01
-1.890000e+00 0.000000e+00 4.779688e-01 2.330638e-01
-1.880000e+00 0.000000e+00 4.783676e-01 2.334058e-01
-1.870000e+00 0.000000e+00 4.787621e-01 2.337445e-01
-1.860000e+00 0.000000e+00 4.791524e-01 2.340799e-01
-1.850000e+00 0.000000e+00 4.795385e-01 2.344119e-01
-1.840000e+00 0.000000e+00 4.799203e-01 2.347405e-01
-1.830000e+00 0.000000e+00 4.802979e-01 2.350658e-01
-1.820000e+00 0.000000e+00 4.806712e-01 2.353877e-01
-1.810000e+00 0.000000e+00 4.810403e-01 2.357062e-01
-1.800000e+00 0.000000e+00 4.814051e-01 2.360213e-01
-1.790000e+00 0.000000e+00 4.817656e-01 2.363330e-01
-1.780000e+00 0.000000e+00 4.821219e-01 2.366412e-01
-1.770000e+00 0.000000e+00 4.824739e-01 2.369460e-01
-1.760000e+00 0.000000e+00 4.828216e-01 2.372474e-01
-1.750000e+00 0.000000e+00 4.831651e-01 2.375452e-01
-1.740000e+00 0.000000e+00 4.835042e-01 2.378396e-01
-1.730000e+00 0.000000e+00 4.838391e-01 2.381305e-01
-1.720000e+00 0.000000e+00 4.841697e-01 2.384179e-01
-1.710000e+00 0.000000e+00 4.844960e-01 2.387018e-01
-1.700000e+00 0.000000e+00 4.848180e-01 2.389821e-01
-1.690000e+00 0.000000e+00 4.851357e-01 2.392589e-01
-1.680000e+00 0.000000e+00 4.854491e-01 2.395322e-01
-1.670000e+00 0.000000e+00 4.857582e-01 2.398019e-01
-1.660000e+00 0.000000e+00 4.860630e-01 2.400680e-01
-1.650000e+00 0.000000e+00 4.863635e-01 2.403305e-01
-1.640000e+00 0.000000e+00 4.866596e-01 2.405895e-01
-1.630000e+00 0.000000e+00 4.869515e-01 2.408448e-01
-1.620000e+00 0.000000e+00 4.872390e-01 2.410966e-01
-1.610000e+00 0.000000e+00 4.875222e-01 2.413447e-01
-1.600000e+00 0.000000e+00 4.878011e-01 2.415892e-01
-1.590000e+00 0.000000e+00 4.880757e-01 2.418300e-01
-1.580000e+00 0.000000e+00 4.883459e-01 2.420672e-01
-1.570000e+00 0.000000e+00 4.886118e-01 2.423007e-01
-1.560000e+00 0.000000e+00 4.888734e-01 2.425306e-01
-1.550000e+00 0.000000e+00 4.891306e-01 2.427568e-01
-1.540000e+00 0.000000e+00 4.893835e-01 2.429792e-01
-1.530000e+00 0.000000e+00 4.896320e-01 2.431980e-01
-1.520000e+00 0.000000e+00 4.898762e-01 2.434131e-01
-1.510000e+00 0.000000e+00 4.901161e-01 2.436245e-01
-1.500000e+00 0.000000e+00 4.903516e-01 2.438322e-01
-1.490000e+00 0.000000e+00 4.905827e-01 2.440361e-01
-1.480000e+00 0.000000e+00 4.908095e-01 2.442363e-01
-1.470000e+00 0.000000e+00 4.910320e-01 2.444327e-01
-1.460000e+00 0.000000e+00 4.912500e-01 2.446254e-01
-1.450000e+00 0.000000e+00 4.914637e-01 2.448143e-01
-1.440000e+00 0.000000e+00 4.916731e-01 2.449995e-01
-1.430000e+00 0.000000e+00 4.918781e-01 2.451809e-01
-1.420000e+00 0.000000e+00 4.920787e-01 2.453585e-01
-1.410000e+00 0.000000e+00 4.922749e-01 2.455323e-01
-1.400000e+00 0.000000e+00 4.924668e-01 2.457023e-01
-1.390000e+00 0.000000e+00 4.926543e-01 2.458685e-01
-1.380000e+00 0.000000e+00 4.928374e-01 2.460309e-01
-1.370000e+00 0.000000e+00 4.930162e-01 2.461895e-01
-1.360000e+00 0.000000e+00 4.931906e-01 2.463442e-01
-1.350000e+00 0.000000e+00 4.933606e-01 2.464952e-01
-1.340000e+00 0.000000e+00 4.935262e-01 2.466422e-01
-1.330000e+00 0.000000e+00 4.936874e-01 2.467855e-01
-1.320000e+00 0.000000e+00 4.938442e-01 2.469249e-01
-1.310000e+00 0.000000e+00 4.939967e-01 2.470605e-01
-1.300000e+00 0.000000e+00 4.941447e-01 2.471921e-01
-1.290000e+00 0.000000e+00 4.942884e-01 2.473200e-01
-1.280000e+00 0.000000e+00 4.944277e-01 2.474439e-01
-1.270000e+00 0.000000e+00 4.945626e-01 2.475640e-01
-1.260000e+00 0.000000e+00 4.946931e-01 2.476802e-01
-1.250000e+00 0.000000e+00 4.948192e-01 2.477926e-01
-1.240000e+00 0.000000e+00 4.949409e-01 2.479010e-01
-1.230000e+00 0.000000e+00 4.950582e-01 2.480056e-01
-1.220000e+00 0.000000e+00 4.951711e-01 2.481062e-01
-1.210000e+00 0.000000e+00 4.952796e-01 2.482030e-01
-1.200000e+00 0.000000e+00 4.953837e-01 2.482959e-01
-1.190000e+00 0.000000e+00 4.954834e-01 2.483848e-01
-1.180000e+00 0.000000e+00 4.955787e-01 2.484699e-01
-1.170000e+00 0.000000e+00 4.956696e-01 2.485510e-01
-1.160000e+00 0.000000e+00 4.957561e-01 2.486282e-01
-1.150000e+00 0.000000e+00 4.958382e-01 2.487015e-01
-1.140000e+00 0.000000e+00 4.959159e-01 2.487709e-01
-1.130000e+00 0.000000e+00 4.959891e-01 2.488363e-01
-1.120000e+00 0.000000e+00 4.960580e-01 2.488978e-01
-1.110000e+00 0.000000e+00 4.961224e-01 2.489554e-01
-1.100000e+00 0.000000e+00 4.961825e-01 2.490091e-01
-1.090000e+00 0.000000e+00 4.962381e-01 2.490588e-01
-1.080000e+00 0.000000e+00 4.962893e-01 2.491046e-01
-1.070000e+00 0.000000e+00 4.963362e-01 2.491464e-01
-1.060000e+00 0.000000e+00 4.963786e-01 2.491843e-01
-1.050000e+00 0.000000e+00 4.964166e-01 2.492183e-01
-1.040000e+00 0.000000e+00 4.964501e-01 2.492483e-01
-1.030000e+00 0.000000e+00 4.964793e-01 2.492744e-01
-1.020000e+00 0.000000e+00 4.965040e-01 2.492965e-01
-1.010000e+00 0.000000e+00 4.965244e-01 2.493147e-01
-1.000000e+00 0.000000e+00 4.965403e-01 2.493290e-01
-9.900000e-01 0.000000e+00 4.965518e-01 2.493393e-01
-9.800000e-01 0.000000e+00 4.965589e-01 2.493456e-01
-9.700000e-01 0.000000e+00 4.965616e-01 2.493480e-01
-9.600000e-01 0.000000e+00 4.965599e-01 2.493465e-01
-9.500000e-01 0.000000e+00 4.965537e-01 2.493410e-01
-9.400000e-01 0.000000e+00 4.965432e-01 2.493315e-01
-9.300000e-01 0.000000e+00 4.965282e-01 2.493181e-01
-9.200000e-01 0.000000e+00 4.965088e-01 2.493008e-01
-9.100000e-01 0.000000e+00 4.964850e-01 2.492795e-01
-9.000000e-01 0.000000e+00 4.964568e-01 2.492543e-01
-8.900000e-01 0.000000e+00 4.964242e-01 2.492251e-01
-8.800000e-01 0.000000e+00 4.963871e-01 2.491920e-01
-8.700000e-01 0.000000e+00 4.963457e-01 2.491549e-01
-8.600000e-01 0.000000e+00 4.962998e-01 2.491139e-01
-8.500000e-01 0.000000e+00 4.962495e-01 2.490690e-01
-8.400000e-01 0.000000e+00 4.961949e-01 2.490201e-01
-8.300000e-01 0.000000e+00 4.961358e-01 2.489673e-01
-8.200000e-01 0.000000e+00 4.960723e-01 2.489106e-01
-8.100000e-01 0.000000e+00 4.960044e-01 2.488499e-01
-8.000000e-01 0.000000e+00 4.959320e-01 2.487853e-01
-7.900000e-01 0.000000e+00 4.958553e-01 2.487168e-01
-7.800000e-01 0.000000e+00 4.957742e-01 2.486443e-01
-7.700000e-01 0.000000e+00 4.956886e-01 2.485680e-01
-7.600000e-01 0.000000e+00 4.955987e-01 2.484877e-01
-7.500000e-01 0.000000e+00 4.955043e-01 2.484035e-01
-7.400000e-01 0.000000e+00 4.954056e-01 2.483154e-01
-7.300000e-01 0.000000e+00 4.953024e-01 2.482233e-01
-7.200000e-01 0.000000e+00 4.951949e-01 2.481274e-01
-7.100000e-01 0.000000e+00 4.950829e-01 2.480276e-01
-7.000000e-01 0.000000e+00 4.949666e-01 2.479239e-01
-6.900000e-01 0.000000e+00 4.948458e-01 2.478163e-01
-6.800000e-01 0.000000e+00 4.947206e-01 2.477048e-01
-6.700000e-01 0.000000e+00 4.945911e-01 2.475894e-01
-6.600000e-01 0.000000e+00 4.944572e-01 2.474702e-01
-6.500000e-01 0.000000e+00 4.943188e-01 2.473470e-01
-6.400000e-01 0.000000e+00 4.941761e-01 2.472200e-01
-6.300000e-01 0.000000e+00 4.940290e-01 2.470892e-01
-6.200000e-01 0.000000e+00 4.938775e-01 2.469545e-01
-6.100000e-01 0.000000e+00 4.937216e-01 2.468159e-01
-6.000000e-01 0.000000e+00 4.935613e-01 2.466735e-01
-5.900000e-01 0.000000e+00 4.933966e-01 2.465272e-01
-5.800000e-01 0.000000e+00 4.932276e-01 2.463771e-01
-5.700000e-01 0.000000e+00 4.930542e-01 2.462232e-01
-5.600000e-01 0.000000e+00 4.928764e-01 2.460654e-01
-5.500000e-01 0.000000e+00 4.926942e-01 2.459038e-01
-5.400000e-01 0.000000e+00 4.925076e-01 2.457384e-01
-5.300000e-01 0.000000e+00 4.923167e-01 2.455693e-01
-5.200000e-01 0.000000e+00 4.921214e-01 2.453963e-01
-5.100000e-01 0.000000e+00 4.919217e-01 2.452195e-01
-5.000000e-01 0.000000e+00 4.917177e-01 2.450389e-01
-4.900000e-01 0.000000e+00 4.915093e-01 2.448546e-01
-4.800000e-01 0.000000e+00 4.912965e-01 2.446665e-01
-4.700000e-01 0.000000e+00 4.910793e-01 2.444746e-01
-4.600000e-01 0.000000e+00 4.908579e-01 2.442790e-01
-4.500000e-01 0.000000e+00 4.906320e-01 2.440796e-01
-4.400000e-01 0.000000e+00 4.904018e-01 2.438765e-01
-4.300000e-01 0.000000e+00 4.901672e-01 2.436696e-01
-4.200000e-01 0.000000e+00 4.899283e-01 2.434590e-01
-4.100000e-01 0.000000e+00 4.896851e-01 2.432447e-01
-4.000000e-01 0.000000e+00 4.894375e-01 2.430267e-01
-3.900000e-01 0.000000e+00 4.891855e-01 2.428050e-01
-3.800000e-01 0.000000e+00 4.889292e-01 2.425797e-01
-3.700000e-01 0.000000e+00 4.886686e-01 2.423506e-01
-3.600000e-01 0.000000e+00 4.884036e-01 2.421178e-01
-3.500000e-01 0.000000e+00 4.881343e-01 2.418814e-01
-3.400000e-01 0.000000e+00 4.878607e-01 2.416414e-01
-3.300000e-01 0.000000e+00 4.875827e-01 2.413977e-01
-3.200000e-01 0.000000e+00 4.873005e-01 2.411504e-01
-3.100000e-01 0.000000e+00 4.870139e-01 2.408994e-01
-3.000000e-01 0.000000e+00 4.867229e-01 2.406448e-01
-2.900000e-01 0.000000e+00 4.864277e-01 2.403867e-01
-2.800000e-01 0.000000e+00 4.861281e-01 2.401249e-01
-2.700000e-01 0.000000e+00 4.858243e-01 2.398595e-01
-2.600000e-01 0.000000e+00 4.855161e-01 2.395906e-01
-2.500000e-01 0.000000e+00 4.852036e-01 2.393181e-01
-2.400000e-01 0.000000e+00 4.848869e-01 2.390421e-01
-2.300000e-01 0.000000e+00 4.845658e-01 2.387625e-01
-2.200000e-01 0.000000e+00 4.842404e-01 2.384794e-01
-2.100000e-01 0.000000e+00 4.839107e-01 2.381928e-01
-2.000000e-01 0.000000e+00 4.835768e-01 2.379026e-01
-1.900000e-01 0.000000e+00 4.832385e-01 2.376090e-01
-1.800000e-01 0.000000e+00 4.828960e-01 2.373119e-01
-1.700000e-01 0.000000e+00 4.825492e-01 2.370113e-01
-1.600000e-01 0.000000e+00 4.821981e-01 2.367073e-01
-1.500000e-01 0.000000e+00 4.818428e-01 2.363998e-01
-1.400000e-01 0.000000e+00 4.814832e-01 2.360888e-01
-1.300000e-01 0.000000e+00 4.811193e-01 2.357745e-01
-1.200000e-01 0.000000e+00 4.807512e-01 2.354567e-01
-1.100000e-01 0.000000e+00 4.803788e-01 2.351355e-01
-1.000000e-01 0.000000e+00 4.800021e-01 2.348110e-01
-9.000000e-02 0.000000e+00 4.796212e-01 2.344830e-01
-8.000000e-02 0.000000e+00 4.792360e-01 2.341517e-01
-7.000000e-02 0.000000e+00 4.788466e-01 2.338171e-01
-6.000000e-02 0.000000e+00 4.784530e-01 2.334791e-01
-5.000000e-02 0.000000e+00 4.780551e-01 2.331378e-01
-4.000000e-02 0.000000e+00 4.776530e-01 2.327932e-01
-3.000000e-02 0.000000e+00 4.772467e-01 2.324453e-01
-2.000000e-02 0.000000e+00 4.768362e-01 2.320941e-01
-1.000000e-02 0.000000e+00 4.764214e-01 2.317397e-01
0.000000e+00 0.000000e+00 4.760024e-01 2.313820e-01
1.000000e-02 0.000000e+00 4.755792e-01 2.310211e-01
2.000000e-02 0.000000e+00 4.751518e-01 2.306569e-01
3.000000e-02 0.000000e+00 4.747202e-01 2.302895e-01
4.000000e-02 0.000000e+00 4.742844e-01 2.299190e-01
5.000000e-02 0.000000e+00 4.738444e-01 2.295452e-01
6.000000e-02 0.000000e+00 4.734002e-01 2.291683e-01
7.000000e-02 0.000000e+00 4.729518e-01 2.287882e-01
8.000000e-02 0.000000e+00 4.724993e-01 2.284050e-01
9.000000e-02 0.000000e+00 4.720426e-01 2.280187e-01
1.000000e-01 0.000000e+00 4.715817e-01 2.276293e-01
1.100000e-01 0.000000e+00 4.711166e-01 2.272368e-01
1.200000e-01 0.000000e+00 4.706474e-01 2.268412e-01
1.300000e-01 0.000000e+00 4.701740e-01 2.264425e-01
1.400000e-01 0.000000e+00 4.696964e-01 2.260408e-01
1.500000e-01 0.000000e+00 4.692147e-01 2.256361e-01
1.600000e-01 0.000000e+00 4.687289e-01 2.252284e-01
1.700000e-01 0.000000e+00 4.682389e-01 2.248176e-01
1.800000e-01 0.000000e+00 4.677448e-01 2.244039e-01
1.900000e-01 0.000000e+00 4.672466e-01 2.239872e-01
2.000000e-01 0.000000e+00 4.667442e-01 2.235676e-01
2.100000e-01 0.000000e+00 4.662377e-01 2.231451e-01
2.200000e-01 0.000000e+00 4.657271e-01 2.227196e-01
2.300000e-01 0.000000e+00 4.652124e-01 2.222912e-01
2.400000e-01 0.000000e+00 4.646936e-01 2.218600e-01
2.500000e-01 0.000000e+00 4.641707e-01 2.214259e-01
2.600000e-01 0.000000e+00 4.636437e-01 2.209889e-01
2.700000e-01 0.000000e+00 4.631126e-01 2.205492e-01
2.800000e-01 0.000000e+00 4.625774e-01 2.201066e-01
2.900000e-01 0.000000e+00 4.620382e-01 2.196612e-01
3.000000e-01 0.000000e+00 4.614949e-01 2.192130e-01
3.100000e-01 0.000000e+00 4.609475e-01 2.187621e-01
3.200000e-01 0.000000e+00 4.603960e-01 2.183085e-01
3.300000e-01 0.000000e+00 4.598405e-01 2.178521e-01
3.400000e-01 0.000000e+00 4.592809e-01 2.173930e-01
3.500000e-01 0.000000e+00 4.587173e-01 2.169312e-01
3.600000e-01 0.000000e+00 4.581497e-01 2.164668e-01
3.700000e-01 0.000000e+00 4.575780e-01 2.159997e-01
3.800000e-01 0.000000e+00 4.570023e-01 2.155300e-01
3.900000e-01 0.000000e+00 4.564225e-01 2.150577e-01
4.000000e-01 0.000000e+00 4.558388e-01 2.145827e-01
4.100000e-01 0.000000e+00 4.552510e-01 2.141052e-01
4.200000e-01 0.000000e+00 4.546592e-01 2.136252e-01
4.300000e-01 0.000000e+00 4.540634e-01 2.131426e-01
4.400000e-01 0.000000e+00 4.534637e-01 2.126575e-01
4.500000e-01 0.000000e+00 4.528599e-01 2.121699e-01
4.600000e-01 0.000000e+00 4.522522e-01 2.116798e-01
4.700000e-01 0.000000e+00 4.516405e-01 2.111872e-01
4.800000e-01 0.000000e+00 4.510248e-01 2.106922e-01
4.900000e-01 0.000000e+00 4.504051e-01 2.101948e-01
5.000000e-01 0.000000e+00 4.497815e-01 2.096950e-01
5.100000e-01 0.000000e+00 4.491540e-01 2.091928e-01
5.200000e-01 0.000000e+00 4.485224e-01 2.086882e-01
5.300000e-01 0.000000e+00 4.478870e-01 2.081813e-01
5.400000e-01 0.000000e+00 4.472476e-01 2.076721e-01
5.500000e-01 0.000000e+00 4.466043e-01 2.071606e-01
5.600000e-01 0.000000e+00 4.459571e-01 2.066468e-01
5.700000e-01 0.000000e+00 4.453059e-01 2.061307e-01
5.800000e-01 0.000000e+00 4.446509e-01 2.056124e-01
5.900000e-01 0.000000e+00 4.439919e-01 2.050918e-01
6.000000e-01 0.000000e+00 4.433291e-01 2.045691e-01
6.100000e-01 0.000000e+00 4.426623e-01 2.040442e-01
6.200000e-01 0.000000e+00 4.419917e-01 2.035171e-01
6.300000e-01 0.000000e+00 4.413172e-01 2.029879e-01
6.400000e-01 0.000000e+00 4.406389e-01 2.024565e-01
6.500000e-01 0.000000e+00 4.399566e-01 2.019231e-01
6.600000e-01 0.000000e+00 4.392706e-01 2.013876e-01
6.700000e-01 0.000000e+00 4.385806e-01 2.008501e-01
6.800000e-01 0.000000e+00 4.378869e-01 2.003105e-01
6.900000e-01 0.000000e+00 4.371893e-01 1.997689e-01
7.000000e-01 0.000000e+00 4.364878e-01 1.992253e-01
7.100000e-01 0.000000e+00 4.357826e-01 1.986797e-01
7.200000e-01 0.000000e+00 4.350735e-01 1.981322e-01
7.300000e-01 0.000000e+00 4.343606e-01 1.975827e-01
7.400000e-01 0.000000e+00 4.336440e-01 1.970314e-01
7.500000e-01 0.000000e+00 4.329235e-01 1.964782e-01
7.600000e-01 0.000000e+00 4.321992e-01 1.959231e-01
7.700000e-01 0.000000e+00 4.314712e-01 1.953662e-01
7.800000e-01 0.000000e+00 4.307394e-01 1.948074e-01
7.900000e-01 0.000000e+00 4.300038e-01 1.942469e-01
8.000000e-01 0.000000e+00 4.292645e-01 1.936846e-01
8.100000e-01 0.000000e+00 4.285215e-01 1.931205e-01
8.200000e-01 0.000000e+00 4.277746e-01 1.925547e-01
8.300000e-01 0.000000e+00 4.270241e-01 1.919872e-01
8.400000e-01 0.000000e+00 4.262698e-01 1.914181e-01
8.500000e-01 0.000000e+00 4.255118e-01 1.908472e-01
8.600000e-01 0.000000e+00 4.247501e-01 1.902747e-01
8.700000e-01 0.000000e+00 4.239847e-01 1.897007e-01
8.800000e-01 0.000000e+00 4.232156e-01 1.891250e-01
8.900000e-01 0.000000e+00 4.224428e-01 1.885477e-01
9.000000e-01 0.000000e+00 4.216663e-01 1.879689e-01
9.100000e-01 0.000000e+00 4.208861e-01 1.873886e-01
9.200000e-01 0.000000e+00 4.201023e-01 1.868068e-01
9.300000e-01 0.000000e+00 4.193148e-01 1.862235e-01
9.400000e-01 0.000000e+00 4.185237e-01 1.856387e-01
9.500000e-01 0.000000e+00 4.177289e-01 1.850525e-01
9.600000e-01 0.000000e+00 4.169305e-01 1.844649e-01
9.700000e-01 0.000000e+00 4.161284e-01 1.838759e-01
9.800000e-01 0.000000e+00 4.153228e-01 1.832855e-01
9.900000e-01 0.000000e+00 4.145135e-01 1.826938e-01
1.000000e+00 0.000000e+00 4.137006e-01 1.821008e-01
1.010000e+00 0.000000e+00 4.128841e-01 1.815065e-01
1.020000e+00 0.000000e+00 4.120641e-01 1.809110e-01
1.030000e+00 0.000000e+00 4.112404e-01 1.803141e-01
1.040000e+00 0.000000e+00 4.104132e-01 1.797161e-01
1.050000e+00 0.000000e+00 4.095824e-01 1.791169e-01
1.060000e+00 0.000000e+00 4.087481e-01 1.785164e-01
1.070000e+00 0.000000e+00 4.079102e-01 1.779149e-01
1.080000e+00 0.000000e+00 4.070688e-01 1.773122e-01
1.090000e+00 0.000000e+00 4.062238e-01 1.767084e-01
1.100000e+00 0.000000e+00 4.053754e-01 1.761035e-01
1.110000e+00 0.000000e+00 4.045234e-01 1.754976e-01
1.120000e+00 0.000000e+00 4.036679e-01 1.748906e-01
1.130000e+00 0.000000e+00 4.028089e-01 1.742826e-01
1.140000e+00 0.000000e+00 4.019464e-01 1.736737e-01
1.150000e+00 0.000000e+00 4.010805e-01 1.730637e-01
1.160000e+00 0.000000e+00 4.002110e-01 1.724529e-01
1.170000e+00 0.000000e+00 3.993381e-01 1.718411e-01
1.180000e+00 0.000000e+00 3.984618e-01 1.712284e-01
1.190000e+00 0.000000e+00 3.975820e-01 1.706149e-01
1.200000e+00 0.000000e+00 3.966988e-01 1.700006e-01
1.210000e+00 0.000000e+00 3.958121e-01 1.693854e-01
1.220000e+00 0.000000e+00 3.949220e-01 1.687694e-01
1.230000e+00 0.000000e+00 3.940285e-01 1.681527e-01
1.240000e+00 0.000000e+00 3.931317e-01 1.675352e-01
1.250000e+00 0.000000e+00 3.922314e-01 1.669170e-01
1.260000e+00 0.000000e+00 3.913277e-01 1.662981e-01
1.270000e+00 0.000000e+00 3.904207e-01 1.656786e-01
1.280000e+00 0.000000e+00 3.895103e-01 1.650584e-01
1.290000e+00 0.000000e+00 3.885965e-01 1.644375e-01
1.300000e+00 0.000000e+00 3.876794e-01 1.638161e-01
1.310000e+00 0.000000e+00 3.867589e-01 1.631941e-01
1.320000e+00 0.000000e+00 3.858351e-01 1.625716e-01
1.330000e+00 0.000000e+00 3.849080e-01 1.619485e-01
1.340000e+00 0.000000e+00 3.839776e-01 1.613250e-01
1.350000e+00 0.000000e+00 3.830439e-01 1.607010e-01
1.360000e+00 0.000000e+00 3.821069e-01 1.600765e-01
1.370000e+00 0.000000e+00 3.811666e-01 1.594516e-01
1.380000e+00 0.000000e+00 3.802230e-01 1.588263e-01
1.390000e+00 0.000000e+00 3.792762e-01 1.582006e-01
1.400000e+00 0.000000e+00 3.783261e-01 1.575746e-01
1.410000e+00 0.000000e+00 3.773728e-01 1.569482e-01
1.420000e+00 0.000000e+00 3.764162e-01 1.563216e-01
1.430000e+00 0.000000e+00 3.754564e-01 1.556947e-01
1.440000e+00 0.000000e+00 3.744933e-01 1.550675e-01
1.450000e+00 0.000000e+00 3.735271e-01 1.544401e-01
1.460000e+00 0.000000e+00 3.725577e-01 1.538125e-01
1.470000e+00 0.000000e+00 3.715851e-01 1.531847e-01
1.480000e+00 0.000000e+00 3.706093e-01 1.525568e-01
1.490000e+00 0.000000e+00 3.696303e-01 1.519287e-01
1.500000e+00 0.000000e+00 3.686481e-01 1.513006e-01
1.510000e+00 0.000000e+00 3.676629e-01 1.506724e-01
1.520000e+00 0.000000e+00 3.666744e-01 1.500441e-01
1.530000e+00 0.000000e+00 3.656829e-01 1.494158e-01
1.540000e+00 0.000000e+00 3.646882e-01 1.487874e-01
1.550000e+00 0.000000e+00 3.636904e-01 1.481592e-01
1.560000e+00 0.000000e+00 3.626895e-01 1.475309e-01
1.570000e+00 0.000000e+00 3.616855e-01 1.469027e-01
1.580000e+00 0.000000e+00 3.606784e-01 1.462747e-01
1.590000e+00 0.000000e+00 3.596683e-01 1.456467e-01
1.600000e+00 0.000000e+00 3.586551e-01 1.450189e-01
1.610000e+00 0.000000e+00 3.576388e-01 1.443912e-01
1.620000e+00 0.000000e+00 3.566195e-01 1.437638e-01
1.630000e+00 0.000000e+00 3.555972e-01 1.431366e-01
1.640000e+00 0.000000e+00 3.545718e-01 1.425096e-01
1.650000e+00 0.000000e+00 3.535435e-01 1.418829e-01
1.660000e+00 0.000000e+00 3.525121e-01 1.412565e-01
1.670000e+00 0.000000e+00 3.514777e-01 1.406304e-01
1.680000e+00 0.000000e+00 3.504404e-01 1.400046e-01
1.690000e+00 0.000000e+00 3.494001e-01 1.393792e-01
1.700000e+00 0.000000e+00 3.483568e-01 1.387543e-01
1.710000e+00 0.000000e+00 3.473106e-01 1.381297e-01
1.720000e+00 0.000000e+00 3.462614e-01 1.375056e-01
1.730000e+00 0.000000e+00 3.452093e-01 1.368819e-01
1.740000e+00 0.000000e+00 3.441543e-01 1.362587e-01
1.750000e+00 0.000000e+00 3.430963e-01 1.356361e-01
1.760000e+00 0.000000e+00 3.420355e-01 1.350140e-01
1.770000e+00 0.000000e+00 3.409718e-01 1.343924e-01
1.780000e+00 0.000000e+00 3.399052e-01 1.337715e-01
1.790000e+00 0.000000e+00 3.388357e-01 1.331511e-01
1.800000e+00 0.000000e+00 3.377634e-01 1.325314e-01
1.810000e+00 0.000000e+00 3.366882e-01 1.319124e-01
1.820000e+00 0.000000e+00 3.356102e-01 1.312941e-01
1.830000e+00 0.000000e+00 3.345294e-01 1.306764e-01
1.840000e+00 0.000000e+00 3.334457e-01 1.300595e-01
1.850000e+00 0.000000e+00 3.323593e-01 1.294434e-01
1.860000e+00 0.000000e+00 3.312701e-01 1.288281e-01
1.870000e+00 0.000000e+00 3.301780e-01 1.282135e-01
1.880000e+00 0.000000e+00 3.290832e-01 1.275998e-01
1.890000e+00 0.000000e+00 3.279857e-01 1.269870e-01
1.900000e+00 0.000000e+00 3.268854e-01 1.263750e-01
1.910000e+00 0.000000e+00 3.257823e-01 1.257639e-01
1.920000e+00 0.000000e+00 3.246765e-01 1.251538e-01
1.930000e+00 0.000000e+00 3.235681e-01 1.245446e-01
1.940000e+00 0.000000e+00 3.224569e-01 1.239365e-01
1.950000e+00 0.000000e+00 3.213430e-01 1.233293e-01
1.960000e+00 0.000000e+00 3.202264e-01 1.227231e-01
1.970000e+00 0.000000e+00 3.191071e-01 1.221180e-01
1.980000e+00 0.000000e+00 3.179852e-01 1.215140e-01
1.990000e+00 0.000000e+00 3.168607e-01 1.209110e-01
2.000000e+00 0.000000e+00 3.157334e-01 1.203092e-01
2.010000e+00 0.000000e+00 3.146036e-01 1.197086e-01
2.020000e+00 0.000000e+00 3.134712e-01 1.191091e-01
2.030000e+00 0.000000e+00 3.123361e-01 1.185108e-01
2.040000e+00 0.000000e+00 3.111984e-01 1.179137e-01
2.050000e+00 0.000000e+00 3.100582e-01 1.173178e-01
2.060000e+00 0.000000e+00 3.089154e-01 1.167232e-01
2.070000e+00 0.000000e+00 3.077700e-01 1.161300e-01
2.080000e+00 0.000000e+00 3.066221e-01 1.155380e-01
2.090000e+00 0.000000e+00 3.054716e-01 1.149473e-01
2.100000e+00 0.000000e+00 3.043186e-01 1.143580e-01
2.110000e+00 0.000000e+00 3.031631e-01 1.137701e-01
2.120000e+00 0.000000e+00 3.020051e-01 1.131836e-01
2.130000e+00 0.000000e+00 3.008446e-01 1.125986e-01
2.140000e+00 0.000000e+00 2.996816e-01 1.120149e-01
2.150000e+00 0.000000e+00 2.985162e-01 1.114328e-01
2.160000e+00 0.000000e+00 2.973482e-01 1.108521e-01
2.170000e+00 0.000000e+00 2.961779e-01 1.102730e-01
2.180000e+00 0.000000e+00 2.950051e-01 1.096954e-01
2.190000e+00 0.000000e+00 2.938298e-01 1.091194e-01
2.200000e+00 0.000000e+00 2.926522e-01 1.085449e-01
2.210000e+00 0.000000e+00 2.914722e-01 1.079721e-01
2.220000e+00 0.000000e+00 2.902897e-01 1.074009e-01
2.230000e+00 0.000000e+00 2.891049e-01 1.068314e-01
2.240000e+00 0.000000e+00 2.879177e-01 1.062635e-01
2.250000e+00 0.000000e+00 2.867282e-01 1.056974e-01
2.260000e+00 0.000000e+00 2.855363e-01 1.051329e-01
2.270000e+00 0.000000e+00 2.843421e-01 1.045703e-01
2.280000e+00 0.000000e+00 2.831456e-01 1.040093e-01
2.290000e+00 0.000000e+00 2.819468e-01 1.034502e-01
2.300000e+00 0.000000e+00 2.807457e-01 1.028929e-01
2.310000e+00 0.000000e+00 2.795422e-01 1.023374e-01
2.320000e+00 0.000000e+00 2.783366e-01 1.017838e-01
2.330000e+00 0.000000e+00 2.771286e-01 1.012320e-01
2.340000e+00 0.000000e+00 2.759184e-01 1.006822e-01
2.350000e+00 0.000000e+00 2.747060e-01 1.001342e-01
2.360000e+00 0.000000e+00 2.734914e-01 9.958826e-02
2.370000e+00 0.000000e+00 2.722745e-01 9.904423e-02
2.380000e+00 0.000000e+00 2.710554e-01 9.850220e-02
2.390000e+00 0.000000e+00 2.698342e-01 9.796217e-02
2.400000e+00 0.000000e+00 2.686108e-01 9.742417e-02
2.410000e+00 0.000000e+00 2.673852e-01 9.688822e-02
2.420000e+00 0.000000e+00 2.661574e-01 9.635434e-02
2.430000e+00 0.000000e+00 2.649275e-01 9.582255e-02
2.440000e+00 0.000000e+00 2.636955e-01 9.529287e-02
2.450000e+00 0.000000e+00 2.624614e-01 9.476533e-02
2.460000e+00 0.000000e+00 2.612252e-01 9.423995e-02
2.470000e+00 0.000000e+00 2.599868e-01 9.371674e-02
2.480000e+00 0.000000e+00 2.587464e-01 9.319572e-02
2.490000e+00 0.000000e+00 2.575040e-01 9.267692e-02
2.500000e+00 0.000000e+00 2.562595e-01 9.216036e-02
2.510000e+00 0.000000e+00 2.550129e-01 9.164606e-02
2.520000e+00 0.000000e+00 2.537643e-01 9.113404e-02
2.530000e+00 0.000000e+00 2.525137e-01 9.062431e-02
2.540000e+00 0.000000e+00 2.512611e-01 9.011690e-02
2.550000e+00 0.000000e+00 2.500065e-01 8.961183e-02
2.560000e+00 0.000000e+00 2.487499e-01 8.910912e-02
2.570000e+00 0.000000e+00 2.474913e-01 8.860879e-02
2.580000e+00 0.000000e+00 2.462308e-01 8.811085e-02
2.590000e+00 0.000000e+00 2.449684e-01 8.761534e-02
2.600000e+00 0.000000e+00 2.437040e-01 8.712226e-02
2.610000e+00 0.000000e+00 2.424377e-01 8.663163e-02
2.620000e+00 0.000000e+00 2.411695e-01 8.614348e-02
2.630000e+00 0.000000e+00 2.398994e-01 8.565783e-02
2.640000e+00 0.000000e+00 2.386274e-01 8.517469e-02
2.650000e+00 0.000000e+00 2.373535e-01 8.469409e-02
2.660000e+00 0.000000e+00 2.360778e-01 8.421603e-02
2.670000e+00 0.000000e+00 2.348003e-01 8.374055e-02
2.680000e+00 0.000000e+00 2.335209e-01 8.326766e-02
2.690000e+00 0.000000e+00 2.322397e-01 8.279738e-02
2.700000e+00 0.000000e+00 2.309567e-01 8.232972e-02
2.710000e+00 0.000000e+00 2.296719e-01 8.186471e-02
2.720000e+00 0.000000e+00 2.283853e-01 8.140237e-02
2.730000e+00 0.000000e+00 2.270970e-01 8.094271e-02
2.740000e+00 0.000000e+00 2.258069e-01 8.048574e-02
2.750000e+00 0.000000e+00 2.245150e-01 8.003150e-02
2.760000e+00 0.000000e+00 2.232215e-01 7.957999e-02
2.770000e+00 0.000000e+00 2.219262e-01 7.913124e-02
2.780000e+00 0.000000e+00 2.206292e-01 7.868526e-02
2.790000e+00 0.000000e+00 2.193305e-01 7.824207e-02
2.800000e+00 0.000000e+00 2.180302e-01 7.780168e-02
2.810000e+00 0.000000e+00 2.167281e-01 7.736412e-02
2.820000e+00 0.000000e+00 2.154245e-01 7.692940e-02
2.830000e+00 0.000000e+00 2.141191e-01 7.649755e-02
2.840000e+00 0.000000e+00 2.128122e-01 7.606856e-02
2.850000e+00 0.000000e+00 2.115037e-01 7.564247e-02
2.860000e+00 0.000000e+00 2.101935e-01 7.521929e-02
2.870000e+00 0.000000e+00 2.088818e-01 7.479904e-02
2.880000e+00 0.000000e+00 2.075685e-01 7.438173e-02
2.890000e+00 0.000000e+00 2.062536e-01 7.396738e-02
2.900000e+00 0.000000e+00 2.049372e-01 7.355600e-02
2.910000e+00 0.000000e+00 2.036192e-01 7.314762e-02
2.920000e+00 0.000000e+00 2.022997e-01 7.274224e-02
2.930000e+00 0.000000e+00 2.009787e-01 7.233989e-02
2.940000e+00 0.000000e+00 1.996562e-01 7.194058e-02
2.950000e+00 0.000000e+00 1.983323e-01 7.154433e-02
2.960000e+00 0.000000e+00 1.970068e-01 7.115115e-02
2.970000e+00 0.000000e+00 1.956799e-01 7.076105e-02
2.980000e+00 0.000000e+00 1.943516e-01 7.037406e-02
2.990000e+00 0.000000e+00 1.930218e-01 6.999018e-02
3.000000e+00 0.000000e+00 1.916906e-01 6.960944e-02
3.010000e+00 0.000000e+00 1.903580e-01 6.923184e-02
3.020000e+00 0.000000e+00 1.890240e-01 6.885741e-02
3.030000e+00 0.000000e+00 1.876887e-01 6.848616e-02
3.040000e+00 0.000000e+00 1.863519e-01 6.811809e-02
3.050000e+00 0.000000e+00 1.850139e-01 6.775324e-02
3.060000e+00 0.000000e+00 1.836744e-01 6.739161e-02
3.070000e+00 0.000000e+00 1.823337e-01 6.703321e-02
3.080000e+00 0.000000e+00 1.809916e-01 6.667806e-02
3.090000e+00 0.000000e+00 1.796483e-01 6.632617e-02
3.100000e+00 0.000000e+00 1.783036e-01 6.597757e-02
3.110000e+00 0.000000e+00 1.769577e-01 6.563225e-02
3.120000e+00 0.000000e+00 1.756105e-01 6.529024e-02
3.130000e+00 0.000000e+00 1.742621e-01 6.495154e-02
3.140000e+00 0.000000e+00 1.729124e-01 6.461618e-02
3.150000e+00 0.000000e+00 1.715615e-01 6.428417e-02
3.160000e+00 0.000000e+00 1.702095e-01 6.395551e-02
3.170000e+00 0.000000e+00 1.688562e-01 6.363022e-02
3.180000e+00 0.000000e+00 1.675017e-01 6.330832e-02
3.190000e+00 0.000000e+00 1.661461e-01 6.298981e-02
3.200000e+00 0.000000e+00 1.647893e-01 6.267472e-02
3.210000e+00 0.000000e+00 1.634314e-01 6.236304e-02
3.220000e+00 0.000000e+00 1.620724e-01 6.205480e-02
3.230000e+00 0.000000e+00 1.607122e-01 6.175001e-02
3.240000e+00 0.000000e+00 1.593510e-01 6.144867e-02
3.250000e+00 0.000000e+00 1.579886e-01 6.115080e-02
3.260000e+00 0.000000e+00 1.566252e-01 6.085642e-02
3.270000e+00 0.000000e+00 1.552608e-01 6.056553e-02
3.280000e+00 0.000000e+00 1.538952e-01 6.027814e-02
3.290000e+00 0.000000e+00 1.525287e-01 5.999427e-02
3.300000e+00 0.000000e+00 1.511611e-01 5.971393e-02
3.310000e+00 0.000000e+00 1.497926e-01 5.943713e-02
3.320000e+00 0.000000e+00 1.484230e-01 5.916387e-02
3.330000e+00 0.000000e+00 1.470525e-01 5.889418e-02
3.340000e+00 0.000000e+00 1.456810e-01 5.862806e-02
3.350000e+00 0.000000e+00 1.443085e-01 5.836551e-02
3.360000e+00 0.000000e+00 1.429351e-01 5.810657e-02
3.370000e+00 0.000000e+00 1.415608e-01 5.785122e-02
3.380000e+00 0.000000e+00 1.401856e-01 5.759948e-02
3.390000e+00 0.000000e+00 1.388095e-01 5.735137e-02
3.400000e+00 0.000000e+00 1.374324e-01 5.710689e-02
3.410000e+00 0.000000e+00 1.360546e-01 5.686605e-02
3.420000e+00 0.000000e+00 1.346758e-01 5.662886e-02
3.430000e+00 0.000000e+00 1.332963e-01 5.639533e-02
3.440000e+00 0.000000e+00 1.319159e-01 5.616547e-02
3.450000e+00 0.000000e+00 1.305347e-01 5.593929e-02
3.460000e+00 0.000000e+00 1.291526e-01 5.571680e-02
3.470000e+00 0.000000e+00 1.277698e-01 5.549800e-02
3.480000e+00 0.000000e+00 1.263863e-01 5.528291e-02
3.490000e+00 0.000000e+00 1.250019e-01 5.507153e-02
3.500000e+00 0.000000e+00 1.236168e-01 5.486388e-02
3.510000e+00 0.000000e+00 1.222310e-01 5.465995e-02
3.520000e+00 0.000000e+00 1.208445e-01 5.445977e-02
3.530000e+00 0.000000e+00 1.194572e-01 5.426332e-02
3.540000e+00 0.000000e+00 1.180693e-01 5.407064e-02
3.550000e+00 0.000000e+00 1.166807e-01 5.388171e-02
3.560000e+00 0.000000e+00 1.152914e-01 5.369655e-02
3.570000e+00 0.000000e+00 1.139015e-01 5.351517e-02
3.580000e+00 0.000000e+00 1.125109e-01 5.333757e-02
3.590000e+00 0.000000e+00 1.111197e-01 5.316377e-02
3.600000e+00 0.000000e+00 1.097279e-01 5.299376e-02
3.610000e+00 0.000000e+00 1.083355e-01 5.282755e-02
3.620000e+00 0.000000e+00 1.069426e-01 5.266515e-02
3.630000e+00 0.000000e+00 1.055490e-01 5.250657e-02
3.640000e+00 0.000000e+00 1.041549e-01 5.235182e-02
3.650000e+00 0.000000e+00 1.027603e-01 5.220089e-02
3.660000e+00 0.000000e+00 1.013651e-01 5.205380e-02
3.670000e+00 0.000000e+00 9.996943e-02 5.191055e-02
3.680000e+00 0.000000e+00 9.857325e-02 5.177114e-02
3.690000e+00 0.000000e+00 9.717658e-02 5.163559e-02
3.700000e+00 0.000000e+00 9.577944e-02 5.150390e-02
3.710000e+00 0.000000e+00 9.438184e-02 5.137607e-02
3.720000e+00 0.000000e+00 9.298380e-02 5.125210e-02
3.730000e+00 0.000000e+00 9.158533e-02 5.113201e-02
3.740000e+00 0.000000e+00 9.018644e-02 5.101580e-02
3.750000e+00 0.000000e+00 8.878715e-02 5.090347e-02
3.760000e+00 0.000000e+00 8.738747e-02 5.079502e-02
3.770000e+00 0.000000e+00 8.598741e-02 5.069047e-02
3.780000e+00 0.000000e+00 8.458699e-02 5.058981e-02
3.790000e+00 0.000000e+00 8.318623e-02 5.049305e-02
3.800000e+00 0.000000e+00 8.178513e-02 5.040019e-02
3.810000e+00 0.000000e+00 8.038371e-02 5.031124e-02
3.820000e+00 0.000000e+00 7.898198e-02 5.022619e-02
3.830000e+00 0.000000e+00 7.757996e-02 5.014506e-02
3.840000e+00 0.000000e+00 7.617766e-02 5.006785e-02
3.850000e+00 0.000000e+00 7.477510e-02 4.999456e-02
3.860000e+00 0.000000e+00 7.337229e-02 4.992519e-02
3.870000e+00 0.000000e+00 7.196924e-02 4.985974e-02
3.880000e+00 0.000000e+00 7.056596e-02 4.979822e-02
3.890000e+00 0.000000e+00 6.916248e-02 4.974063e-02
3.900000e+00 0.000000e+00 6.775880e-02 4.968698e-02
3.910000e+00 0.000000e+00 6.635494e-02 4.963726e-02
3.920000e+00 0.000000e+00 6.495091e-02 4.959147e-02
3.930000e+00 0.000000e+00 6.354673e-02 4.954963e-02
3.940000e+00 0.000000e+00 6.214241e-02 4.951172e-02
3.950000e+00 0.000000e+00 6.073796e-02 4.947775e-02
3.960000e+00 0.000000e+00 5.933340e-02 4.944773e-02
3.970000e+00 0.000000e+00 5.792874e-02 4.942165e-02
3.980000e+00 0.000000e+00 5.652400e-02 4.939952e-02
3.990000e+00 0.000000e+00 5.511918e-02 4.938133e-02
4.000000e+00 0.000000e+00 5.371431e-02 4.936709e-02
4.010000e+00 0.000000e+00 5.230939e-02 4.935679e-02
4.020000e+00 0.000000e+00 5.090445e-02 4.935044e-02
4.030000e+00 0.000000e+00 4.949949e-02 4.934804e-02
4.040000e+00 0.000000e+00 4.809453e-02 4.934959e-02
4.050000e+00 0.000000e+00 4.668958e-02 4.935509e-02
4.060000e+00 0.000000e+00 4.528466e-02 4.936453e-02
4.070000e+00 0.000000e+00 4.387977e-02 4.937792e-02
4.080000e+00 0.000000e+00 4.247494e-02 4.939526e-02
4.090000e+00 0.000000e+00 4.107018e-02 4.941654e-02
4.100000e+00 0.000000e+00 3.966550e-02 4.944177e-02
4.110000e+00 0.000000e+00 3.826092e-02 4.947095e-02
4.120000e+00 0.000000e+00 3.685645e-02 4.950406e-02
4.130000e+00 0.000000e+00 3.545210e-02 4.954112e-02
4.140000e+00 0.000000e+00 3.404788e-02 4.958212e-02
4.150000e+00 0.000000e+00 3.264382e-02 4.962705e-02
4.160000e+00 0.000000e+00 3.123992e-02 4.967593e-02
4.170000e+00 0.000000e+00 2.983620e-02 4.972873e-02
4.180000e+00 0.000000e+00 2.843268e-02 4.978547e-02
4.190000e+00 0.000000e+00 2.702936e-02 4.984614e-02
4.200000e+00 0.000000e+00 2.562626e-02 4.991074e-02
4.210000e+00 0.000000e+00 2.422339e-02 4.997927e-02
4.220000e+00 0.000000e+00 2.282077e-02 5.005172e-02
4.230000e+00 0.000000e+00 2.141842e-02 5.012808e-02
4.240000e+00 0.000000e+00 2.001634e-02 5.020837e-02
4.250000e+00 0.000000e+00 1.861455e-02 5.029257e-02
4.260000e+00 0.000000e+00 1.721306e-02 5.038068e-02
4.270000e+00 0.000000e+00 1.581189e-02 5.047269e-02
4.280000e+00 0.000000e+00 1.441105e-02 5.056861e-02
4.290000e+00 0.000000e+00 1.301056e-02 5.066843e-02
4.300000e+00 0.000000e+00 1.161042e-02 5.077215e-02
4.310000e+00 0.000000e+00 1.021066e-02 5.087976e-02
4.320000e+00 0.000000e+00 8.811279e-03 5.099125e-02
4.330000e+00 0.000000e+00 7.412302e-03 5.110663e-02
4.340000e+00 0.000000e+00 6.013739e-03 5.122588e-02
4.350000e+00 0.000000e+00 4.615603e-03 5.134901e-02
4.360000e+00 0.000000e+00 3.217909e-03 5.147601e-02
4.370000e+00 0.000000e+00 1.820671e-03 5.160687e-02
4.380000e+00 0.000000e+00 4.239011e-04 5.174159e-02
4.390000e+00 0.000000e+00 -9.723856e-04 5.188017e-02
4.400000e+00 0.000000e+00 -2.368176e-03 5.202259e-02
4.410000e+00 0.000000e+00 -3.763455e-03 5.216885e-02
4.420000e+00 0.000000e+00 -5.158211e-03 5.231895e-02
4.430000e+00 0.000000e+00 -6.552428e-03 5.247288e-02
4.440000e+00 0.000000e+00 -7.946094e-03 5.263064e-02
4.450000e+00 0.000000e+00 -9.339195e-03 5.279221e-02
4.460000e+00 0.000000e+00 -1.073172e-02 5.295760e-02
4.470000e+00 0.000000e+00 -1.212364e-02 5.312679e-02
4.480000e+00 0.000000e+00 -1.351497e-02 5.329978e-02
4.490000e+00 0.000000e+00 -1.490567e-02 5.347656e-02
4.500000e+00 0.000000e+00 -1.629573e-02 5.365712e-02
4.510000e+00 0.000000e+00 -1.768515e-02 5.384147e-02
4.520000e+00 0.000000e+00 -1.907391e-02 5.402958e-02
4.530000e+00 0.000000e+00 -2.046199e-02 5.422146e-02
4.540000e+00 0.000000e+00 -2.184938e-02 5.441709e-02
4.550000e+00 0.000000e+00 -2.323608e-02 5.461647e-02
4.560000e+00 0.000000e+00 -2.462205e-02 5.481959e-02
4.570000e+00 0.000000e+00 -2.600729e-02 5.502645e-02
4.580000e+00 0.000000e+00 -2.739179e-02 5.523702e-02
4.590000e+00 0.000000e+00 -2.877554e-02 5.545131e-02
4.600000e+00 0.000000e+00 -3.015851e-02 5.566931e-02
4.610000e+00 0.000000e+00 -3.154070e-02 5.589101e-02
4.620000e+00 0.000000e+00 -3.292208e-02 5.611639e-02
4.630000e+00 0.000000e+00 -3.430266e-02 5.634546e-02
4.640000e+00 0.000000e+00 -3.568241e-02 5.657820e-02
4.650000e+00 0.000000e+00 -3.706132e-02 5.681460e-02
4.660000e+00 0.000000e+00 -3.843938e-02 5.705465e-02
4.670000e+00 0.000000e+00 -3.981658e-02 5.729835e-02
4.680000e+00 0.000000e+00 -4.119289e-02 5.754568e-02
4.690000e+00 0.000000e+00 -4.256831e-02 5.779663e-02
4.700000e+00 0.000000e+00 -4.394282e-02 5.805120e-02
4.710000e+00 0.000000e+00 -4.531641e-02 5.830938e-02
4.720000e+00 0.000000e+00 -4.668907e-02 5.857114e-02
4.730000e+00 0.000000e+00 -4.806078e-02 5.883650e-02
4.740000e+00 0.000000e+00 -4.943152e-02 5.910542e-02
4.750000e+00 0.000000e+00 -5.080130e-02 5.937791e-02
4.760000e+00 0.000000e+00 -5.217008e-02 5.965395e-02
4.770000e+00 0.000000e+00 -5.353786e-02 5.993353e-02
4.780000e+00 0.000000e+00 -5.490463e-02 6.021664e-02
4.790000e+00 0.000000e+00 -5.627037e-02 6.050327e-02
4.800000e+00 0.000000e+00 -5.763506e-02 6.079340e-02
4.810000e+00 0.000000e+00 -5.899870e-02 6.108704e-02
4.820000e+00 0.000000e+00 -6.036127e-02 6.138415e-02
4.830000e+00 0.000000e+00 -6.172276e-02 6.168474e-02
4.840000e+00 0.000000e+00 -6.308315e-02 6.198879e-02
4.850000e+00 0.000000e+00 -6.444244e-02 6.229629e-02
4.860000e+00 0.000000e+00 -6.580059e-02 6.260723e-02
4.870000e+00 0.000000e+00 -6.715762e-02 6.292159e-02
4.880000e+00 0.000000e+00 -6.851349e-02 6.323936e-02
4.890000e+00 0.000000e+00 -6.986820e-02 6.356053e-02
4.900000e+00 0.000000e+00 -7.122173e-02 6.388509e-02
4.910000e+00 0.000000e+00 -7.257407e-02 6.421302e-02
4.920000e+00 0.000000e+00 -7.392521e-02 6.454431e-02
4.930000e+00 0.000000e+00 -7.527513e-02 6.487895e-02
4.940000e+00 0.000000e+00 -7.662383e-02 6.521693e-02
4.950000e+00 0.000000e+00 -7.797128e-02 6.555823e-02
4.960000e+00 0.000000e+00 -7.931747e-02 6.590283e-02
4.970000e+00 0.000000e+00 -8.066239e-02 6.625073e-02
4.980000e+00 0.000000e+00 -8.200603e-02 6.660191e-02
4.990000e+00 0.000000e+00 -8.334837e-02 6.695636e-02
5.000000e+00 0.000000e+00 -8.468941e-02 6.731405e-02
