# E = 2.41805
# x, V(x), psi, |psi|^2
-5.000000e+00 0.000000e+00 2.825153e+00 2.583784e+00
-4.990000e+00 0.000000e+00 2.829126e+00 2.587034e+00
-4.980000e+00 0.000000e+00 2.832899e+00 2.590150e+00
-4.970000e+00 0.000000e+00 2.836472e+00 2.593127e+00
-4.960000e+00 0.000000e+00 2.839842e+00 2.595959e+00
-4.950000e+00 0.000000e+00 2.843009e+00 2.598640e+00
-4.940000e+00 0.000000e+00 2.845970e+00 2.601166e+00
-4.930000e+00 0.000000e+00 2.848724e+00 2.603530e+00
-4.920000e+00 0.000000e+00 2.851270e+00 2.605730e+00
-4.910000e+00 0.000000e+00 2.853606e+00 2.607759e+00
-4.900000e+00 0.000000e+00 2.855732e+00 2.609616e+00
-4.890000e+00 0.000000e+00 2.857646e+00 2.611295e+00
-4.880000e+00 0.000000e+00 2.859347e+00 2.612794e+00
-4.870000e+00 0.000000e+00 2.860835e+00 2.614109e+00
-4.860000e+00 0.000000e+00 2.862109e+00 2.615239e+00
-4.850000e+00 0.000000e+00 2.863168e+00 2.616181e+00
-4.840000e+00 0.000000e+00 2.864012e+00 2.616933e+00
-4.830000e+00 0.000000e+00 2.864640e+00 2.617493e+00
-4.820000e+00 0.000000e+00 2.865053e+00 2.617862e+00
-4.810000e+00 0.000000e+00 2.865249e+00 2.618037e+00
-4.800000e+00 0.000000e+00 2.865229e+00 2.618019e+00
-4.790000e+00 0.000000e+00 2.864992e+00 2.617808e+00
-4.780000e+00 0.000000e+00 2.864540e+00 2.617403e+00
-4.770000e+00 0.000000e+00 2.863871e+00 2.616807e+00
-4.760000e+00 0.000000e+00 2.862987e+00 2.616019e+00
-4.750000e+00 0.000000e+00 2.861888e+00 2.615043e+00
-4.740000e+00 0.000000e+00 2.860574e+00 2.613878e+00
-4.730000e+00 0.000000e+00 2.859046e+00 2.612528e+00
-4.720000e+00 0.000000e+00 2.857305e+00 2.610996e+00
-4.710000e+00 0.000000e+00 2.855352e+00 2.609283e+00
-4.700000e+00 0.000000e+00 2.853187e+00 2.607394e+00
-4.690000e+00 0.000000e+00 2.850811e+00 2.605333e+00
-4.680000e+00 0.000000e+00 2.848227e+00 2.603102e+00
-4.670000e+00 0.000000e+00 2.845434e+00 2.600707e+00
-4.660000e+00 0.000000e+00 2.842434e+00 2.598153e+00
-4.650000e+00 0.000000e+00 2.839230e+00 2.595443e+00
-4.640000e+00 0.000000e+00 2.835822e+00 2.592584e+00
-4.630000e+00 0.000000e+00 2.832211e+00 2.589580e+00
-4.620000e+00 0.000000e+00 2.828401e+00 2.586438e+00
-4.610000e+00 0.000000e+00 2.824392e+00 2.583164e+00
-4.600000e+00 0.000000e+00 2.820186e+00 2.579764e+00
-4.590000e+00 0.000000e+00 2.815786e+00 2.576244e+00
-4.580000e+00 0.000000e+00 2.811194e+00 2.572613e+00
-4.570000e+00 0.000000e+00 2.806411e+00 2.568875e+00
-4.560000e+00 0.000000e+00 2.801441e+00 2.565039e+00
-4.550000e+00 0.000000e+00 2.796285e+00 2.561113e+00
-4.540000e+00 0.000000e+00 2.790946e+00 2.557103e+00
-4.530000e+00 0.000000e+00 2.785428e+00 2.553017e+00
-4.520000e+00 0.000000e+00 2.779731e+00 2.548864e+00
-4.510000e+00 0.000000e+00 2.773859e+00 2.544651e+00
-4.500000e+00 0.000000e+00 2.767816e+00 2.540387e+00
-4.490000e+00 0.000000e+00 2.761603e+00 2.536080e+00
-4.480000e+00 0.000000e+00 2.755224e+00 2.531738e+00
-4.470000e+00 0.000000e+00 2.748682e+00 2.527369e+00
-4.460000e+00 0.000000e+00 2.741981e+00 2.522982e+00
-4.450000e+00 0.000000e+00 2.735122e+00 2.518586e+00
-4.440000e+00 0.000000e+00 2.728110e+00 2.514189e+00
-4.430000e+00 0.000000e+00 2.720949e+00 2.509799e+00
-4.420000e+00 0.000000e+00 2.713641e+00 2.505425e+00
-4.410000e+00 0.000000e+00 2.706189e+00 2.501076e+00
-4.400000e+00 0.000000e+00 2.698599e+00 2.496759e+00
-4.390000e+00 0.000000e+00 2.690873e+00 2.492484e+00
-4.380000e+00 0.000000e+00 2.683015e+00 2.488258e+00
-4.370000e+00 0.000000e+00 2.675029e+00 2.484089e+00
-4.360000e+00 0.000000e+00 2.666918e+00 2.479987e+00
-4.350000e+00 0.000000e+00 2.658687e+00 2.475958e+00
-4.340000e+00 0.000000e+00 2.650340e+00 2.472010e+00
-4.330000e+00 0.000000e+00 2.641880e+00 2.468152e+00
-4.320000e+00 0.000000e+00 2.633313e+00 2.464390e+00
-4.310000e+00 0.000000e+00 2.624641e+00 2.460732e+00
-4.300000e+00 0.000000e+00 2.615869e+00 2.457184e+00
-4.290000e+00 0.000000e+00 2.607002e+00 2.453755e+00
-4.280000e+00 0.000000e+00 2.598043e+00 2.450449e+00
-4.270000e+00 0.000000e+00 2.588997e+00 2.447275e+00
-4.260000e+00 0.000000e+00 2.579868e+00 2.444237e+00
-4.250000e+00 0.000000e+00 2.570662e+00 2.441342e+00
-4.240000e+00 0.000000e+00 2.561381e+00 2.438596e+00
-4.230000e+00 0.000000e+00 2.552031e+00 2.436003e+00
-4.220000e+00 0.000000e+00 2.542617e+00 2.433569e+00
-4.210000e+00 0.000000e+00 2.533142e+00 2.431298e+00
-4.200000e+00 0.000000e+00 2.523611e+00 2.429196e+00
-4.190000e+00 0.000000e+00 2.514030e+00 2.427265e+00
-4.180000e+00 0.000000e+00 2.504402e+00 2.425509e+00
-4.170000e+00 0.000000e+00 2.494732e+00 2.423933e+00
-4.160000e+00 0.000000e+00 2.485025e+00 2.422538e+00
-4.150000e+00 0.000000e+00 2.475286e+00 2.421329e+00
-4.140000e+00 0.000000e+00 2.465519e+00 2.420306e+00
-4.130000e+00 0.000000e+00 2.455729e+00 2.419473e+00
-4.120000e+00 0.000000e+00 2.445921e+00 2.418830e+00
-4.110000e+00 0.000000e+00 2.436099e+00 2.418379e+00
-4.100000e+00 0.000000e+00 2.426269e+00 2.418121e+00
-4.090000e+00 0.000000e+00 2.416435e+00 2.418056e+00
-4.080000e+00 0.000000e+00 2.406601e+00 2.418184e+00
-4.070000e+00 0.000000e+00 2.396773e+00 2.418506e+00
-4.060000e+00 0.000000e+00 2.386955e+00 2.419020e+00
-4.050000e+00 0.000000e+00 2.377153e+00 2.419726e+00
-4.040000e+00 0.000000e+00 2.367370e+00 2.420622e+00
-4.030000e+00 0.000000e+00 2.357612e+00 2.421706e+00
-4.020000e+00 0.000000e+00 2.347883e+00 2.422977e+00
-4.010000e+00 0.000000e+00 2.338187e+00 2.424432e+00
-4.000000e+00 0.000000e+00 2.328531e+00 2.426067e+00
-3.990000e+00 0.000000e+00 2.318918e+00 2.427881e+00
-3.980000e+00 0.000000e+00 2.309352e+00 2.429869e+00
-3.970000e+00 0.000000e+00 2.299840e+00 2.432028e+00
-3.960000e+00 0.000000e+00 2.290384e+00 2.434352e+00
-3.950000e+00 0.000000e+00 2.280990e+00 2.436839e+00
-3.940000e+00 0.000000e+00 2.271663e+00 2.439483e+00
-3.930000e+00 0.000000e+00 2.262406e+00 2.442279e+00
-3.920000e+00 0.000000e+00 2.253224e+00 2.445222e+00
-3.910000e+00 0.000000e+00 2.244122e+00 2.448305e+00
-3.900000e+00 0.000000e+00 2.235105e+00 2.451523e+00
-3.890000e+00 0.000000e+00 2.226176e+00 2.454870e+00
-3.880000e+00 0.000000e+00 2.217339e+00 2.458339e+00
-3.870000e+00 0.000000e+00 2.208600e+00 2.461924e+00
-3.860000e+00 0.000000e+00 2.199962e+00 2.465617e+00
-3.850000e+00 0.000000e+00 2.191429e+00 2.469411e+00
-3.840000e+00 0.000000e+00 2.183006e+00 2.473300e+00
-3.830000e+00 0.000000e+00 2.174697e+00 2.477275e+00
-3.820000e+00 0.000000e+00 2.166505e+00 2.481329e+00
-3.810000e+00 0.000000e+00 2.158435e+00 2.485455e+00
-3.800000e+00 0.000000e+00 2.150491e+00 2.489643e+00
-3.790000e+00 0.000000e+00 2.142676e+00 2.493886e+00
-3.780000e+00 0.000000e+00 2.134994e+00 2.498176e+00
-3.770000e+00 0.000000e+00 2.127449e+00 2.502504e+00
-3.760000e+00 0.000000e+00 2.120044e+00 2.506862e+00
-3.750000e+00 0.000000e+00 2.112784e+00 2.511242e+00
-3.740000e+00 0.000000e+00 2.105671e+00 2.515636e+00
-3.730000e+00 0.000000e+00 2.098709e+00 2.520033e+00
-3.720000e+00 0.000000e+00 2.091902e+00 2.524427e+00
-3.710000e+00 0.000000e+00 2.085253e+00 2.528809e+00
-3.700000e+00 0.000000e+00 2.078764e+00 2.533170e+00
-3.690000e+00 0.000000e+00 2.072440e+00 2.537502e+00
-3.680000e+00 0.000000e+00 2.066282e+00 2.541796e+00
-3.670000e+00 0.000000e+00 2.060295e+00 2.546044e+00
-3.660000e+00 0.000000e+00 2.054481e+00 2.550238e+00
-3.650000e+00 0.000000e+00 2.048842e+00 2.554370e+00
-3.640000e+00 0.000000e+00 2.043383e+00 2.558431e+00
-3.630000e+00 0.000000e+00 2.038104e+00 2.562415e+00
-3.620000e+00 0.000000e+00 2.033009e+00 2.566312e+00
-3.610000e+00 0.000000e+00 2.028100e+00 2.570116e+00
-3.600000e+00 0.000000e+00 2.023380e+00 2.573820e+00
-3.590000e+00 0.000000e+00 2.018851e+00 2.577416e+00
-3.580000e+00 0.000000e+00 2.014514e+00 2.580897e+00
-3.570000e+00 0.000000e+00 2.010373e+00 2.584256e+00
-3.560000e+00 0.000000e+00 2.006429e+00 2.587487e+00
-3.550000e+00 0.000000e+00 2.002684e+00 2.590584e+00
-3.540000e+00 0.000000e+00 1.999140e+00 2.593541e+00
-3.530000e+00 0.000000e+00 1.995799e+00 2.596352e+00
-3.520000e+00 0.000000e+00 1.992662e+00 2.599011e+00
-3.510000e+00 0.000000e+00 1.989730e+00 2.601514e+00
-3.500000e+00 0.000000e+00 1.987006e+00 2.603855e+00
-3.490000e+00 0.000000e+00 1.984490e+00 2.606030e+00
-3.480000e+00 0.000000e+00 1.982184e+00 2.608035e+00
-3.470000e+00 0.000000e+00 1.980088e+00 2.609866e+00
-3.460000e+00 0.000000e+00 1.978204e+00 2.611520e+00
-3.450000e+00 0.000000e+00 1.976533e+00 2.612993e+00
-3.440000e+00 0.000000e+00 1.975076e+00 2.614282e+00
-3.430000e+00 0.000000e+00 1.973833e+00 2.615385e+00
-3.420000e+00 0.000000e+00 1.972804e+00 2.616300e+00
-3.410000e+00 0.000000e+00 1.971991e+00 2.617024e+00
-3.400000e+00 0.000000e+00 1.971394e+00 2.617558e+00
-3.390000e+00 0.000000e+00 1.971012e+00 2.617899e+00
-3.380000e+00 0.000000e+00 1.970847e+00 2.618046e+00
-3.370000e+00 0.000000e+00 1.970898e+00 2.618001e+00
-3.360000e+00 0.000000e+00 1.971165e+00 2.617762e+00
-3.350000e+00 0.000000e+00 1.971649e+00 2.617330e+00
-3.340000e+00 0.000000e+00 1.972348e+00 2.616706e+00
-3.330000e+00 0.000000e+00 1.973263e+00 2.615891e+00
-3.320000e+00 0.000000e+00 1.974393e+00 2.614888e+00
-3.310000e+00 0.000000e+00 1.975737e+00 2.613696e+00
-3.300000e+00 0.000000e+00 1.977296e+00 2.612320e+00
-3.290000e+00 0.000000e+00 1.979067e+00 2.610762e+00
-3.280000e+00 0.000000e+00 1.981051e+00 2.609024e+00
-3.270000e+00 0.000000e+00 1.983246e+00 2.607110e+00
-3.260000e+00 0.000000e+00 1.985651e+00 2.605024e+00
-3.250000e+00 0.000000e+00 1.988266e+00 2.602770e+00
-3.240000e+00 0.000000e+00 1.991088e+00 2.600352e+00
-3.230000e+00 0.000000e+00 1.994117e+00 2.597775e+00
-3.220000e+00 0.000000e+00 1.997351e+00 2.595043e+00
-3.210000e+00 0.000000e+00 2.000788e+00 2.592163e+00
-3.200000e+00 0.000000e+00 2.004427e+00 2.589140e+00
-3.190000e+00 0.000000e+00 2.008266e+00 2.585978e+00
-3.180000e+00 0.000000e+00 2.012303e+00 2.582686e+00
-3.170000e+00 0.000000e+00 2.016537e+00 2.579268e+00
-3.160000e+00 0.000000e+00 2.020965e+00 2.575732e+00
-3.150000e+00 0.000000e+00 2.025584e+00 2.572085e+00
-3.140000e+00 0.000000e+00 2.030394e+00 2.568333e+00
-3.130000e+00 0.000000e+00 2.035391e+00 2.564484e+00
-3.120000e+00 0.000000e+00 2.040573e+00 2.560545e+00
-3.110000e+00 0.000000e+00 2.045937e+00 2.556523e+00
-3.100000e+00 0.000000e+00 2.051482e+00 2.552428e+00
-3.090000e+00 0.000000e+00 2.057203e+00 2.548266e+00
-3.080000e+00 0.000000e+00 2.063100e+00 2.544045e+00
-3.070000e+00 0.000000e+00 2.069168e+00 2.539774e+00
-3.060000e+00 0.000000e+00 2.075404e+00 2.535461e+00
-3.050000e+00 0.000000e+00 2.081806e+00 2.531115e+00
-3.040000e+00 0.000000e+00 2.088371e+00 2.526743e+00
-3.030000e+00 0.000000e+00 2.095096e+00 2.522354e+00
-3.020000e+00 0.000000e+00 2.101976e+00 2.517958e+00
-3.010000e+00 0.000000e+00 2.109010e+00 2.513561e+00
-3.000000e+00 0.000000e+00 2.116193e+00 2.509173e+00
-2.990000e+00 0.000000e+00 2.123521e+00 2.504802e+00
-2.980000e+00 0.000000e+00 2.130993e+00 2.500457e+00
-2.970000e+00 0.000000e+00 2.138603e+00 2.496146e+00
-2.960000e+00 0.000000e+00 2.146348e+00 2.491877e+00
-2.950000e+00 0.000000e+00 2.154225e+00 2.487659e+00
-2.940000e+00 0.000000e+00 2.162229e+00 2.483499e+00
-2.930000e+00 0.000000e+00 2.170357e+00 2.479407e+00
-2.920000e+00 0.000000e+00 2.178604e+00 2.475389e+00
-2.910000e+00 0.000000e+00 2.186968e+00 2.471453e+00
-2.900000e+00 0.000000e+00 2.195443e+00 2.467608e+00
-2.890000e+00 0.000000e+00 2.204026e+00 2.463861e+00
-2.880000e+00 0.000000e+00 2.212712e+00 2.460218e+00
-2.870000e+00 0.000000e+00 2.221498e+00 2.456687e+00
-2.860000e+00 0.000000e+00 2.230379e+00 2.453275e+00
-2.850000e+00 0.000000e+00 2.239350e+00 2.449988e+00
-2.840000e+00 0.000000e+00 2.248408e+00 2.446832e+00
-2.830000e+00 0.000000e+00 2.257548e+00 2.443815e+00
-2.820000e+00 0.000000e+00 2.266766e+00 2.440941e+00
-2.810000e+00 0.000000e+00 2.276057e+00 2.438216e+00
-2.800000e+00 0.000000e+00 2.285416e+00 2.435646e+00
-2.790000e+00 0.000000e+00 2.294840e+00 2.433235e+00
-2.780000e+00 0.000000e+00 2.304323e+00 2.430988e+00
-2.770000e+00 0.000000e+00 2.313861e+00 2.428909e+00
-2.760000e+00 0.000000e+00 2.323449e+00 2.427003e+00
-2.750000e+00 0.000000e+00 2.333084e+00 2.425273e+00
-2.740000e+00 0.000000e+00 2.342759e+00 2.423722e+00
-2.730000e+00 0.000000e+00 2.352471e+00 2.422354e+00
-2.720000e+00 0.000000e+00 2.362214e+00 2.421171e+00
-2.710000e+00 0.000000e+00 2.371985e+00 2.420175e+00
-2.700000e+00 0.000000e+00 2.381777e+00 2.419369e+00
-2.690000e+00 0.000000e+00 2.391588e+00 2.418753e+00
-2.680000e+00 0.000000e+00 2.401411e+00 2.418330e+00
-2.670000e+00 0.000000e+00 2.411242e+00 2.418099e+00
-2.660000e+00 0.000000e+00 2.421077e+00 2.418062e+00
-2.650000e+00 0.000000e+00 2.430910e+00 2.418218e+00
-2.640000e+00 0.000000e+00 2.440736e+00 2.418568e+00
-2.630000e+00 0.000000e+00 2.450552e+00 2.419109e+00
-2.620000e+00 0.000000e+00 2.460352e+00 2.419842e+00
-2.610000e+00 0.000000e+00 2.470132e+00 2.420765e+00
-2.600000e+00 0.000000e+00 2.479886e+00 2.421876e+00
-2.590000e+00 0.000000e+00 2.489611e+00 2.423174e+00
-2.580000e+00 0.000000e+00 2.499301e+00 2.424654e+00
-2.570000e+00 0.000000e+00 2.508951e+00 2.426316e+00
-2.560000e+00 0.000000e+00 2.518558e+00 2.428154e+00
-2.550000e+00 0.000000e+00 2.528116e+00 2.430167e+00
-2.540000e+00 0.000000e+00 2.537621e+00 2.432350e+00
-2.530000e+00 0.000000e+00 2.547068e+00 2.434698e+00
-2.520000e+00 0.000000e+00 2.556453e+00 2.437208e+00
-2.510000e+00 0.000000e+00 2.565770e+00 2.439874e+00
-2.500000e+00 0.000000e+00 2.575017e+00 2.442691e+00
-2.490000e+00 0.000000e+00 2.584187e+00 2.445654e+00
-2.480000e+00 0.000000e+00 2.593277e+00 2.448757e+00
-2.470000e+00 0.000000e+00 2.602282e+00 2.451994e+00
-2.460000e+00 0.000000e+00 2.611199e+00 2.455358e+00
-2.450000e+00 0.000000e+00 2.620022e+00 2.458844e+00
-2.440000e+00 0.000000e+00 2.628747e+00 2.462445e+00
-2.430000e+00 0.000000e+00 2.637370e+00 2.466153e+00
-2.420000e+00 0.000000e+00 2.645887e+00 2.469961e+00
-2.410000e+00 0.000000e+00 2.654294e+00 2.473863e+00
-2.400000e+00 0.000000e+00 2.662587e+00 2.477850e+00
-2.390000e+00 0.000000e+00 2.670761e+00 2.481915e+00
-2.380000e+00 0.000000e+00 2.678814e+00 2.486049e+00
-2.370000e+00 0.000000e+00 2.686740e+00 2.490246e+00
-2.360000e+00 0.000000e+00 2.694536e+00 2.494496e+00
-2.350000e+00 0.000000e+00 2.702199e+00 2.498792e+00
-2.340000e+00 0.000000e+00 2.709724e+00 2.503125e+00
-2.330000e+00 0.000000e+00 2.717108e+00 2.507487e+00
-2.320000e+00 0.000000e+00 2.724347e+00 2.511869e+00
-2.310000e+00 0.000000e+00 2.731439e+00 2.516264e+00
-2.300000e+00 0.000000e+00 2.738379e+00 2.520662e+00
-2.290000e+00 0.000000e+00 2.745164e+00 2.525054e+00
-2.280000e+00 0.000000e+00 2.751790e+00 2.529434e+00
-2.270000e+00 0.000000e+00 2.758256e+00 2.533791e+00
-2.260000e+00 0.000000e+00 2.764556e+00 2.538118e+00
-2.250000e+00 0.000000e+00 2.770690e+00 2.542406e+00
-2.240000e+00 0.000000e+00 2.776652e+00 2.546647e+00
-2.230000e+00 0.000000e+00 2.782442e+00 2.550832e+00
-2.220000e+00 0.000000e+00 2.788055e+00 2.554954e+00
-2.210000e+00 0.000000e+00 2.793489e+00 2.559005e+00
-2.200000e+00 0.000000e+00 2.798741e+00 2.562977e+00
-2.190000e+00 0.000000e+00 2.803810e+00 2.566861e+00
-2.180000e+00 0.000000e+00 2.808692e+00 2.570652e+00
-2.170000e+00 0.000000e+00 2.813385e+00 2.574340e+00
-2.160000e+00 0.000000e+00 2.817887e+00 2.577920e+00
-2.150000e+00 0.000000e+00 2.822195e+00 2.581384e+00
-2.140000e+00 0.000000e+00 2.826308e+00 2.584725e+00
-2.130000e+00 0.000000e+00 2.830224e+00 2.587938e+00
-2.120000e+00 0.000000e+00 2.833940e+00 2.591015e+00
-2.110000e+00 0.000000e+00 2.837456e+00 2.593951e+00
-2.100000e+00 0.000000e+00 2.840768e+00 2.596741e+00
-2.090000e+00 0.000000e+00 2.843876e+00 2.599378e+00
-2.080000e+00 0.000000e+00 2.846778e+00 2.601858e+00
-2.070000e+00 0.000000e+00 2.849473e+00 2.604176e+00
-2.060000e+00 0.000000e+00 2.851959e+00 2.606327e+00
-2.050000e+00 0.000000e+00 2.854235e+00 2.608308e+00
-2.040000e+00 0.000000e+00 2.856300e+00 2.610114e+00
-2.030000e+00 0.000000e+00 2.858154e+00 2.611741e+00
-2.020000e+00 0.000000e+00 2.859794e+00 2.613188e+00
-2.010000e+00 0.000000e+00 2.861221e+00 2.614451e+00
-2.000000e+00 0.000000e+00 2.862434e+00 2.615527e+00
-1.990000e+00 0.000000e+00 2.863431e+00 2.616415e+00
-1.980000e+00 0.000000e+00 2.864214e+00 2.617112e+00
-1.970000e+00 0.000000e+00 2.864780e+00 2.617618e+00
-1.960000e+00 0.000000e+00 2.865131e+00 2.617932e+00
-1.950000e+00 0.000000e+00 2.865265e+00 2.618052e+00
-1.940000e+00 0.000000e+00 2.865183e+00 2.617978e+00
-1.930000e+00 0.000000e+00 2.864885e+00 2.617712e+00
-1.920000e+00 0.000000e+00 2.864371e+00 2.617253e+00
-1.910000e+00 0.000000e+00 2.863641e+00 2.616601e+00
-1.900000e+00 0.000000e+00 2.862695e+00 2.615760e+00
-1.890000e+00 0.000000e+00 2.861535e+00 2.614729e+00
-1.880000e+00 0.000000e+00 2.860159e+00 2.613511e+00
-1.870000e+00 0.000000e+00 2.858571e+00 2.612109e+00
-1.860000e+00 0.000000e+00 2.856769e+00 2.610524e+00
-1.850000e+00 0.000000e+00 2.854755e+00 2.608761e+00
-1.840000e+00 0.000000e+00 2.852529e+00 2.606823e+00
-1.830000e+00 0.000000e+00 2.850094e+00 2.604713e+00
-1.820000e+00 0.000000e+00 2.847450e+00 2.602435e+00
-1.810000e+00 0.000000e+00 2.844598e+00 2.599994e+00
-1.800000e+00 0.000000e+00 2.841540e+00 2.597394e+00
-1.790000e+00 0.000000e+00 2.838277e+00 2.594641e+00
-1.780000e+00 0.000000e+00 2.834811e+00 2.591740e+00
-1.770000e+00 0.000000e+00 2.831143e+00 2.588696e+00
-1.760000e+00 0.000000e+00 2.827275e+00 2.585516e+00
-1.750000e+00 0.000000e+00 2.823210e+00 2.582205e+00
-1.740000e+00 0.000000e+00 2.818949e+00 2.578770e+00
-1.730000e+00 0.000000e+00 2.814493e+00 2.575218e+00
-1.720000e+00 0.000000e+00 2.809846e+00 2.571555e+00
-1.710000e+00 0.000000e+00 2.805010e+00 2.567789e+00
-1.700000e+00 0.000000e+00 2.799987e+00 2.563926e+00
-1.690000e+00 0.000000e+00 2.794778e+00 2.559975e+00
-1.680000e+00 0.000000e+00 2.789388e+00 2.555943e+00
-1.670000e+00 0.000000e+00 2.783818e+00 2.551837e+00
-1.660000e+00 0.000000e+00 2.778071e+00 2.547666e+00
-1.650000e+00 0.000000e+00 2.772150e+00 2.543438e+00
-1.640000e+00 0.000000e+00 2.766058e+00 2.539160e+00
-1.630000e+00 0.000000e+00 2.759797e+00 2.534842e+00
-1.620000e+00 0.000000e+00 2.753372e+00 2.530492e+00
-1.610000e+00 0.000000e+00 2.746784e+00 2.526117e+00
-1.600000e+00 0.000000e+00 2.740037e+00 2.521727e+00
-1.590000e+00 0.000000e+00 2.733134e+00 2.517329e+00
-1.580000e+00 0.000000e+00 2.726079e+00 2.512933e+00
-1.570000e+00 0.000000e+00 2.718875e+00 2.508547e+00
-1.560000e+00 0.000000e+00 2.711526e+00 2.504179e+00
-1.550000e+00 0.000000e+00 2.704035e+00 2.499839e+00
-1.540000e+00 0.000000e+00 2.696405e+00 2.495533e+00
-1.530000e+00 0.000000e+00 2.688641e+00 2.491271e+00
-1.520000e+00 0.000000e+00 2.680746e+00 2.487061e+00
-1.510000e+00 0.000000e+00 2.672724e+00 2.482910e+00
-1.500000e+00 0.000000e+00 2.664578e+00 2.478828e+00
-1.490000e+00 0.000000e+00 2.656314e+00 2.474821e+00
-1.480000e+00 0.000000e+00 2.647934e+00 2.470898e+00
-1.470000e+00 0.000000e+00 2.639443e+00 2.467067e+00
-1.460000e+00 0.000000e+00 2.630845e+00 2.463334e+00
-1.450000e+00 0.000000e+00 2.622145e+00 2.459706e+00
-1.440000e+00 0.000000e+00 2.613345e+00 2.456192e+00
-1.430000e+00 0.000000e+00 2.604451e+00 2.452797e+00
-1.420000e+00 0.000000e+00 2.595467e+00 2.449529e+00
-1.410000e+00 0.000000e+00 2.586397e+00 2.446393e+00
-1.400000e+00 0.000000e+00 2.577246e+00 2.443395e+00
-1.390000e+00 0.000000e+00 2.568017e+00 2.440542e+00
-1.380000e+00 0.000000e+00 2.558717e+00 2.437839e+00
-1.370000e+00 0.000000e+00 2.549348e+00 2.435291e+00
-1.360000e+00 0.000000e+00 2.539915e+00 2.432904e+00
-1.350000e+00 0.000000e+00 2.530424e+00 2.430680e+00
-1.340000e+00 0.000000e+00 2.520879e+00 2.428626e+00
-1.330000e+00 0.000000e+00 2.511283e+00 2.426745e+00
-1.320000e+00 0.000000e+00 2.501643e+00 2.425040e+00
-1.310000e+00 0.000000e+00 2.491962e+00 2.423516e+00
-1.300000e+00 0.000000e+00 2.482245e+00 2.422174e+00
-1.290000e+00 0.000000e+00 2.472498e+00 2.421017e+00
-1.280000e+00 0.000000e+00 2.462724e+00 2.420049e+00
-1.270000e+00 0.000000e+00 2.452928e+00 2.419269e+00
-1.260000e+00 0.000000e+00 2.443116e+00 2.418681e+00
-1.250000e+00 0.000000e+00 2.433291e+00 2.418285e+00
-1.240000e+00 0.000000e+00 2.423459e+00 2.418082e+00
-1.230000e+00 0.000000e+00 2.413625e+00 2.418073e+00
-1.220000e+00 0.000000e+00 2.403792e+00 2.418256e+00
-1.210000e+00 0.000000e+00 2.393967e+00 2.418633e+00
-1.200000e+00 0.000000e+00 2.384153e+00 2.419202e+00
-1.190000e+00 0.000000e+00 2.374356e+00 2.419963e+00
-1.180000e+00 0.000000e+00 2.364579e+00 2.420913e+00
-1.170000e+00 0.000000e+00 2.354829e+00 2.422050e+00
-1.160000e+00 0.000000e+00 2.345109e+00 2.423374e+00
-1.150000e+00 0.000000e+00 2.335424e+00 2.424881e+00
-1.140000e+00 0.000000e+00 2.325780e+00 2.426567e+00
-1.130000e+00 0.000000e+00 2.316180e+00 2.428431e+00
-1.120000e+00 0.000000e+00 2.306629e+00 2.430468e+00
-1.110000e+00 0.000000e+00 2.297132e+00 2.432675e+00
-1.100000e+00 0.000000e+00 2.287693e+00 2.435047e+00
-1.090000e+00 0.000000e+00 2.278318e+00 2.437579e+00
-1.080000e+00 0.000000e+00 2.269010e+00 2.440267e+00
-1.070000e+00 0.000000e+00 2.259775e+00 2.443105e+00
-1.060000e+00 0.000000e+00 2.250615e+00 2.446088e+00
-1.050000e+00 0.000000e+00 2.241537e+00 2.449211e+00
-1.040000e+00 0.000000e+00 2.232544e+00 2.452467e+00
-1.030000e+00 0.000000e+00 2.223641e+00 2.455849e+00
-1.020000e+00 0.000000e+00 2.214832e+00 2.459352e+00
-1.010000e+00 0.000000e+00 2.206121e+00 2.462968e+00
-1.000000e+00 0.000000e+00 2.197513e+00 2.466691e+00
-9.900000e-01 0.000000e+00 2.189011e+00 2.470513e+00
-9.800000e-01 0.000000e+00 2.180620e+00 2.474427e+00
-9.700000e-01 0.000000e+00 2.172344e+00 2.478426e+00
-9.600000e-01 0.000000e+00 2.164187e+00 2.482501e+00
-9.500000e-01 0.000000e+00 2.156152e+00 2.486645e+00
-9.400000e-01 0.000000e+00 2.148244e+00 2.490850e+00
-9.300000e-01 0.000000e+00 2.140467e+00 2.495107e+00
-9.200000e-01 0.000000e+00 2.132824e+00 2.499409e+00
-9.100000e-01 0.000000e+00 2.125319e+00 2.503747e+00
-9.000000e-01 0.000000e+00 2.117955e+00 2.508112e+00
-8.900000e-01 0.000000e+00 2.110736e+00 2.512497e+00
-8.800000e-01 0.000000e+00 2.103667e+00 2.516892e+00
-8.700000e-01 0.000000e+00 2.096749e+00 2.521290e+00
-8.600000e-01 0.000000e+00 2.089986e+00 2.525681e+00
-8.500000e-01 0.000000e+00 2.083382e+00 2.530058e+00
-8.400000e-01 0.000000e+00 2.076940e+00 2.534411e+00
-8.300000e-01 0.000000e+00 2.070663e+00 2.538733e+00
-8.200000e-01 0.000000e+00 2.064554e+00 2.543015e+00
-8.100000e-01 0.000000e+00 2.058616e+00 2.547248e+00
-8.000000e-01 0.000000e+00 2.052852e+00 2.551425e+00
-7.900000e-01 0.000000e+00 2.047264e+00 2.555538e+00
-7.800000e-01 0.000000e+00 2.041856e+00 2.559578e+00
-7.700000e-01 0.000000e+00 2.036629e+00 2.563537e+00
-7.600000e-01 0.000000e+00 2.031587e+00 2.567409e+00
-7.500000e-01 0.000000e+00 2.026732e+00 2.571185e+00
-7.400000e-01 0.000000e+00 2.022066e+00 2.574859e+00
-7.300000e-01 0.000000e+00 2.017592e+00 2.578422e+00
-7.200000e-01 0.000000e+00 2.013311e+00 2.581869e+00
-7.100000e-01 0.000000e+00 2.009226e+00 2.585192e+00
-7.000000e-01 0.000000e+00 2.005339e+00 2.588386e+00
-6.900000e-01 0.000000e+00 2.001651e+00 2.591444e+00
-6.800000e-01 0.000000e+00 1.998165e+00 2.594359e+00
-6.700000e-01 0.000000e+00 1.994882e+00 2.597127e+00
-6.600000e-01 0.000000e+00 1.991803e+00 2.599742e+00
-6.500000e-01 0.000000e+00 1.988931e+00 2.602199e+00
-6.400000e-01 0.000000e+00 1.986266e+00 2.604493e+00
-6.300000e-01 0.000000e+00 1.983809e+00 2.606621e+00
-6.200000e-01 0.000000e+00 1.981563e+00 2.608576e+00
-6.100000e-01 0.000000e+00 1.979528e+00 2.610357e+00
-6.000000e-01 0.000000e+00 1.977705e+00 2.611959e+00
-5.900000e-01 0.000000e+00 1.976095e+00 2.613380e+00
-5.800000e-01 0.000000e+00 1.974699e+00 2.614616e+00
-5.700000e-01 0.000000e+00 1.973517e+00 2.615666e+00
-5.600000e-01 0.000000e+00 1.972550e+00 2.616526e+00
-5.500000e-01 0.000000e+00 1.971798e+00 2.617196e+00
-5.400000e-01 0.000000e+00 1.971263e+00 2.617675e+00
-5.300000e-01 0.000000e+00 1.970943e+00 2.617961e+00
-5.200000e-01 0.000000e+00 1.970840e+00 2.618053e+00
-5.100000e-01 0.000000e+00 1.970952e+00 2.617952e+00
-5.000000e-01 0.000000e+00 1.971281e+00 2.617658e+00
-4.900000e-01 0.000000e+00 1.971827e+00 2.617171e+00
-4.800000e-01 0.000000e+00 1.972587e+00 2.616493e+00
-4.700000e-01 0.000000e+00 1.973564e+00 2.615624e+00
-4.600000e-01 0.000000e+00 1.974755e+00 2.614566e+00
-4.500000e-01 0.000000e+00 1.976161e+00 2.613322e+00
-4.400000e-01 0.000000e+00 1.977780e+00 2.611894e+00
-4.300000e-01 0.000000e+00 1.979612e+00 2.610283e+00
-4.200000e-01 0.000000e+00 1.981656e+00 2.608495e+00
-4.100000e-01 0.000000e+00 1.983912e+00 2.606532e+00
-4.000000e-01 0.000000e+00 1.986377e+00 2.604397e+00
-3.900000e-01 0.000000e+00 1.989051e+00 2.602096e+00
-3.800000e-01 0.000000e+00 1.991933e+00 2.599632e+00
-3.700000e-01 0.000000e+00 1.995020e+00 2.597010e+00
-3.600000e-01 0.000000e+00 1.998312e+00 2.594236e+00
-3.500000e-01 0.000000e+00 2.001807e+00 2.591314e+00
-3.400000e-01 0.000000e+00 2.005504e+00 2.588250e+00
-3.300000e-01 0.000000e+00 2.009400e+00 2.585051e+00
-3.200000e-01 0.000000e+00 2.013493e+00 2.581722e+00
-3.100000e-01 0.000000e+00 2.017782e+00 2.578270e+00
-3.000000e-01 0.000000e+00 2.022265e+00 2.574701e+00
-2.900000e-01 0.000000e+00 2.026939e+00 2.571023e+00
-2.800000e-01 0.000000e+00 2.031802e+00 2.567243e+00
-2.700000e-01 0.000000e+00 2.036852e+00 2.563367e+00
-2.600000e-01 0.000000e+00 2.042087e+00 2.559404e+00
-2.500000e-01 0.000000e+00 2.047503e+00 2.555360e+00
-2.400000e-01 0.000000e+00 2.053098e+00 2.551245e+00
-2.300000e-01 0.000000e+00 2.058870e+00 2.547065e+00
-2.200000e-01 0.000000e+00 2.064816e+00 2.542830e+00
-2.100000e-01 0.000000e+00 2.070932e+00 2.538546e+00
-2.000000e-01 0.000000e+00 2.077217e+00 2.534223e+00
-1.900000e-01 0.000000e+00 2.083666e+00 2.529868e+00
-1.800000e-01 0.000000e+00 2.090277e+00 2.525491e+00
-1.700000e-01 0.000000e+00 2.097046e+00 2.521099e+00
-1.600000e-01 0.000000e+00 2.103970e+00 2.516701e+00
-1.500000e-01 0.000000e+00 2.111047e+00 2.512306e+00
-1.400000e-01 0.000000e+00 2.118272e+00 2.507922e+00
-1.300000e-01 0.000000e+00 2.125642e+00 2.503558e+00
-1.200000e-01 0.000000e+00 2.133153e+00 2.499221e+00
-1.100000e-01 0.000000e+00 2.140802e+00 2.494921e+00
-1.000000e-01 0.000000e+00 2.148585e+00 2.490666e+00
-9.000000e-02 0.000000e+00 2.156499e+00 2.486464e+00
-8.000000e-02 0.000000e+00 2.164539e+00 2.482323e+00
-7.000000e-02 0.000000e+00 2.172701e+00 2.478251e+00
-6.000000e-02 0.000000e+00 2.180982e+00 2.474256e+00
-5.000000e-02 0.000000e+00 2.189378e+00 2.470345e+00
-4.000000e-02 0.000000e+00 2.197885e+00 2.466527e+00
-3.000000e-02 0.000000e+00 2.206497e+00 2.462809e+00
-2.000000e-02 0.000000e+00 2.215213e+00 2.459197e+00
-1.000000e-02 0.000000e+00 2.224026e+00 2.455700e+00
0.000000e+00 0.000000e+00 2.232933e+00 2.452323e+00
1.000000e-02 0.000000e+00 2.241930e+00 2.449073e+00
2.000000e-02 0.000000e+00 2.251011e+00 2.445956e+00
3.000000e-02 0.000000e+00 2.260174e+00 2.442979e+00
4.000000e-02 0.000000e+00 2.269413e+00 2.440147e+00
5.000000e-02 0.000000e+00 2.278724e+00 2.437466e+00
6.000000e-02 0.000000e+00 2.288102e+00 2.434940e+00
7.000000e-02 0.000000e+00 2.297543e+00 2.432576e+00
8.000000e-02 0.000000e+00 2.307042e+00 2.430376e+00
9.000000e-02 0.000000e+00 2.316595e+00 2.428347e+00
1.000000e-01 0.000000e+00 2.326197e+00 2.426491e+00
1.100000e-01 0.000000e+00 2.335844e+00 2.424811e+00
1.200000e-01 0.000000e+00 2.345530e+00 2.423313e+00
1.300000e-01 0.000000e+00 2.355252e+00 2.421997e+00
1.400000e-01 0.000000e+00 2.365003e+00 2.420867e+00
1.500000e-01 0.000000e+00 2.374781e+00 2.419926e+00
1.600000e-01 0.000000e+00 2.384579e+00 2.419174e+00
1.700000e-01 0.000000e+00 2.394393e+00 2.418613e+00
1.800000e-01 0.000000e+00 2.404219e+00 2.418244e+00
1.900000e-01 0.000000e+00 2.414052e+00 2.418069e+00
2.000000e-01 0.000000e+00 2.423886e+00 2.418087e+00
2.100000e-01 0.000000e+00 2.433718e+00 2.418298e+00
2.200000e-01 0.000000e+00 2.443542e+00 2.418703e+00
2.300000e-01 0.000000e+00 2.453354e+00 2.419299e+00
2.400000e-01 0.000000e+00 2.463149e+00 2.420087e+00
2.500000e-01 0.000000e+00 2.472922e+00 2.421064e+00
2.600000e-01 0.000000e+00 2.482668e+00 2.422228e+00
2.700000e-01 0.000000e+00 2.492383e+00 2.423578e+00
2.800000e-01 0.000000e+00 2.502062e+00 2.425111e+00
2.900000e-01 0.000000e+00 2.511701e+00 2.426823e+00
3.000000e-01 0.000000e+00 2.521294e+00 2.428712e+00
3.100000e-01 0.000000e+00 2.530837e+00 2.430773e+00
3.200000e-01 0.000000e+00 2.540326e+00 2.433004e+00
3.300000e-01 0.000000e+00 2.549756e+00 2.435399e+00
3.400000e-01 0.000000e+00 2.559122e+00 2.437954e+00
3.500000e-01 0.000000e+00 2.568420e+00 2.440663e+00
3.600000e-01 0.000000e+00 2.577645e+00 2.443523e+00
3.700000e-01 0.000000e+00 2.586793e+00 2.446526e+00
3.800000e-01 0.000000e+00 2.595859e+00 2.449668e+00
3.900000e-01 0.000000e+00 2.604839e+00 2.452942e+00
4.000000e-01 0.000000e+00 2.613729e+00 2.456342e+00
4.100000e-01 0.000000e+00 2.622525e+00 2.459862e+00
4.200000e-01 0.000000e+00 2.631221e+00 2.463494e+00
4.300000e-01 0.000000e+00 2.639814e+00 2.467231e+00
4.400000e-01 0.000000e+00 2.648301e+00 2.471067e+00
4.500000e-01 0.000000e+00 2.656675e+00 2.474994e+00
4.600000e-01 0.000000e+00 2.664935e+00 2.479004e+00
4.700000e-01 0.000000e+00 2.673075e+00 2.483089e+00
4.800000e-01 0.000000e+00 2.681091e+00 2.487242e+00
4.900000e-01 0.000000e+00 2.688981e+00 2.491455e+00
5.000000e-01 0.000000e+00 2.696739e+00 2.495719e+00
5.100000e-01 0.000000e+00 2.704363e+00 2.500026e+00
5.200000e-01 0.000000e+00 2.711848e+00 2.504369e+00
5.300000e-01 0.000000e+00 2.719191e+00 2.508737e+00
5.400000e-01 0.000000e+00 2.726389e+00 2.513124e+00
5.500000e-01 0.000000e+00 2.733437e+00 2.517520e+00
5.600000e-01 0.000000e+00 2.740333e+00 2.521918e+00
5.700000e-01 0.000000e+00 2.747073e+00 2.526307e+00
5.800000e-01 0.000000e+00 2.753654e+00 2.530681e+00
5.900000e-01 0.000000e+00 2.760073e+00 2.535031e+00
6.000000e-01 0.000000e+00 2.766326e+00 2.539347e+00
6.100000e-01 0.000000e+00 2.772411e+00 2.543622e+00
6.200000e-01 0.000000e+00 2.778324e+00 2.547848e+00
6.300000e-01 0.000000e+00 2.784063e+00 2.552017e+00
6.400000e-01 0.000000e+00 2.789626e+00 2.556119e+00
6.500000e-01 0.000000e+00 2.795008e+00 2.560148e+00
6.600000e-01 0.000000e+00 2.800209e+00 2.564096e+00
6.700000e-01 0.000000e+00 2.805224e+00 2.567954e+00
6.800000e-01 0.000000e+00 2.810052e+00 2.571716e+00
6.900000e-01 0.000000e+00 2.814691e+00 2.575375e+00
7.000000e-01 0.000000e+00 2.819138e+00 2.578922e+00
7.100000e-01 0.000000e+00 2.823391e+00 2.582352e+00
7.200000e-01 0.000000e+00 2.827447e+00 2.585657e+00
7.300000e-01 0.000000e+00 2.831306e+00 2.588831e+00
7.400000e-01 0.000000e+00 2.834965e+00 2.591869e+00
7.500000e-01 0.000000e+00 2.838423e+00 2.594764e+00
7.600000e-01 0.000000e+00 2.841677e+00 2.597510e+00
7.700000e-01 0.000000e+00 2.844726e+00 2.600103e+00
7.800000e-01 0.000000e+00 2.847569e+00 2.602537e+00
7.900000e-01 0.000000e+00 2.850204e+00 2.604808e+00
8.000000e-01 0.000000e+00 2.852630e+00 2.606911e+00
8.100000e-01 0.000000e+00 2.854847e+00 2.608842e+00
8.200000e-01 0.000000e+00 2.856851e+00 2.610597e+00
8.300000e-01 0.000000e+00 2.858644e+00 2.612173e+00
8.400000e-01 0.000000e+00 2.860224e+00 2.613568e+00
8.500000e-01 0.000000e+00 2.861589e+00 2.614778e+00
8.600000e-01 0.000000e+00 2.862741e+00 2.615800e+00
8.700000e-01 0.000000e+00 2.863677e+00 2.616634e+00
8.800000e-01 0.000000e+00 2.864398e+00 2.617276e+00
8.900000e-01 0.000000e+00 2.864902e+00 2.617727e+00
9.000000e-01 0.000000e+00 2.865191e+00 2.617986e+00
9.100000e-01 0.000000e+00 2.865264e+00 2.618050e+00
9.200000e-01 0.000000e+00 2.865120e+00 2.617922e+00
9.300000e-01 0.000000e+00 2.864760e+00 2.617600e+00
9.400000e-01 0.000000e+00 2.864184e+00 2.617086e+00
9.500000e-01 0.000000e+00 2.863392e+00 2.616380e+00
9.600000e-01 0.000000e+00 2.862385e+00 2.615484e+00
9.700000e-01 0.000000e+00 2.861163e+00 2.614400e+00
9.800000e-01 0.000000e+00 2.859727e+00 2.613129e+00
9.900000e-01 0.000000e+00 2.858077e+00 2.611675e+00
1.000000e+00 0.000000e+00 2.856215e+00 2.610039e+00
1.010000e+00 0.000000e+00 2.854140e+00 2.608225e+00
1.020000e+00 0.000000e+00 2.851855e+00 2.606237e+00
1.030000e+00 0.000000e+00 2.849360e+00 2.604079e+00
1.040000e+00 0.000000e+00 2.846656e+00 2.601754e+00
1.050000e+00 0.000000e+00 2.843745e+00 2.599267e+00
1.060000e+00 0.000000e+00 2.840628e+00 2.596623e+00
1.070000e+00 0.000000e+00 2.837307e+00 2.593827e+00
1.080000e+00 0.000000e+00 2.833783e+00 2.590885e+00
1.090000e+00 0.000000e+00 2.830058e+00 2.587801e+00
1.100000e+00 0.000000e+00 2.826134e+00 2.584583e+00
1.110000e+00 0.000000e+00 2.822012e+00 2.581236e+00
1.120000e+00 0.000000e+00 2.817695e+00 2.577767e+00
1.130000e+00 0.000000e+00 2.813185e+00 2.574182e+00
1.140000e+00 0.000000e+00 2.808484e+00 2.570489e+00
1.150000e+00 0.000000e+00 2.803594e+00 2.566695e+00
1.160000e+00 0.000000e+00 2.798517e+00 2.562806e+00
1.170000e+00 0.000000e+00 2.793257e+00 2.558831e+00
1.180000e+00 0.000000e+00 2.787815e+00 2.554777e+00
1.190000e+00 0.000000e+00 2.782194e+00 2.550652e+00
1.200000e+00 0.000000e+00 2.776397e+00 2.546463e+00
1.210000e+00 0.000000e+00 2.770427e+00 2.542220e+00
1.220000e+00 0.000000e+00 2.764286e+00 2.537930e+00
1.230000e+00 0.000000e+00 2.757978e+00 2.533602e+00
1.240000e+00 0.000000e+00 2.751506e+00 2.529244e+00
1.250000e+00 0.000000e+00 2.744872e+00 2.524864e+00
1.260000e+00 0.000000e+00 2.738080e+00 2.520471e+00
1.270000e+00 0.000000e+00 2.731134e+00 2.516073e+00
1.280000e+00 0.000000e+00 2.724036e+00 2.511679e+00
1.290000e+00 0.000000e+00 2.716790e+00 2.507297e+00
1.300000e+00 0.000000e+00 2.709400e+00 2.502936e+00
1.310000e+00 0.000000e+00 2.701869e+00 2.498604e+00
1.320000e+00 0.000000e+00 2.694200e+00 2.494310e+00
1.330000e+00 0.000000e+00 2.686398e+00 2.490062e+00
1.340000e+00 0.000000e+00 2.678467e+00 2.485868e+00
1.350000e+00 0.000000e+00 2.670409e+00 2.481737e+00
1.360000e+00 0.000000e+00 2.662229e+00 2.477675e+00
1.370000e+00 0.000000e+00 2.653931e+00 2.473692e+00
1.380000e+00 0.000000e+00 2.645520e+00 2.469794e+00
1.390000e+00 0.000000e+00 2.636998e+00 2.465990e+00
1.400000e+00 0.000000e+00 2.628370e+00 2.462286e+00
1.410000e+00 0.000000e+00 2.619640e+00 2.458691e+00
1.420000e+00 0.000000e+00 2.610813e+00 2.455210e+00
1.430000e+00 0.000000e+00 2.601893e+00 2.451850e+00
1.440000e+00 0.000000e+00 2.592884e+00 2.448619e+00
1.450000e+00 0.000000e+00 2.583791e+00 2.445522e+00
1.460000e+00 0.000000e+00 2.574617e+00 2.442565e+00
1.470000e+00 0.000000e+00 2.565367e+00 2.439755e+00
1.480000e+00 0.000000e+00 2.556047e+00 2.437095e+00
1.490000e+00 0.000000e+00 2.546659e+00 2.434593e+00
1.500000e+00 0.000000e+00 2.537209e+00 2.432251e+00
1.510000e+00 0.000000e+00 2.527702e+00 2.430076e+00
1.520000e+00 0.000000e+00 2.518142e+00 2.428071e+00
1.530000e+00 0.000000e+00 2.508533e+00 2.426240e+00
1.540000e+00 0.000000e+00 2.498881e+00 2.424586e+00
1.550000e+00 0.000000e+00 2.489189e+00 2.423113e+00
1.560000e+00 0.000000e+00 2.479463e+00 2.421824e+00
1.570000e+00 0.000000e+00 2.469708e+00 2.420721e+00
1.580000e+00 0.000000e+00 2.459927e+00 2.419807e+00
1.590000e+00 0.000000e+00 2.450126e+00 2.419082e+00
1.600000e+00 0.000000e+00 2.440310e+00 2.418548e+00
1.610000e+00 0.000000e+00 2.430483e+00 2.418208e+00
1.620000e+00 0.000000e+00 2.420649e+00 2.418060e+00
1.630000e+00 0.000000e+00 2.410815e+00 2.418105e+00
1.640000e+00 0.000000e+00 2.400984e+00 2.418344e+00
1.650000e+00 0.000000e+00 2.391161e+00 2.418776e+00
1.660000e+00 0.000000e+00 2.381352e+00 2.419400e+00
1.670000e+00 0.000000e+00 2.371560e+00 2.420215e+00
1.680000e+00 0.000000e+00 2.361791e+00 2.421219e+00
1.690000e+00 0.000000e+00 2.352048e+00 2.422410e+00
1.700000e+00 0.000000e+00 2.342338e+00 2.423786e+00
1.710000e+00 0.000000e+00 2.332664e+00 2.425344e+00
1.720000e+00 0.000000e+00 2.323032e+00 2.427082e+00
1.730000e+00 0.000000e+00 2.313446e+00 2.428996e+00
1.740000e+00 0.000000e+00 2.303910e+00 2.431082e+00
1.750000e+00 0.000000e+00 2.294429e+00 2.433336e+00
1.760000e+00 0.000000e+00 2.285008e+00 2.435754e+00
1.770000e+00 0.000000e+00 2.275652e+00 2.438331e+00
1.780000e+00 0.000000e+00 2.266364e+00 2.441063e+00
1.790000e+00 0.000000e+00 2.257150e+00 2.443943e+00
1.800000e+00 0.000000e+00 2.248013e+00 2.446967e+00
1.810000e+00 0.000000e+00 2.238959e+00 2.450128e+00
1.820000e+00 0.000000e+00 2.229991e+00 2.453420e+00
1.830000e+00 0.000000e+00 2.221115e+00 2.456838e+00
1.840000e+00 0.000000e+00 2.212333e+00 2.460374e+00
1.850000e+00 0.000000e+00 2.203651e+00 2.464021e+00
1.860000e+00 0.000000e+00 2.195073e+00 2.467773e+00
1.870000e+00 0.000000e+00 2.186602e+00 2.471623e+00
1.880000e+00 0.000000e+00 2.178244e+00 2.475562e+00
1.890000e+00 0.000000e+00 2.170001e+00 2.479583e+00
1.900000e+00 0.000000e+00 2.161879e+00 2.483678e+00
1.910000e+00 0.000000e+00 2.153880e+00 2.487841e+00
1.920000e+00 0.000000e+00 2.146009e+00 2.492061e+00
1.930000e+00 0.000000e+00 2.138269e+00 2.496332e+00
1.940000e+00 0.000000e+00 2.130665e+00 2.500645e+00
1.950000e+00 0.000000e+00 2.123200e+00 2.504991e+00
1.960000e+00 0.000000e+00 2.115878e+00 2.509363e+00
1.970000e+00 0.000000e+00 2.108701e+00 2.513752e+00
1.980000e+00 0.000000e+00 2.101674e+00 2.518149e+00
1.990000e+00 0.000000e+00 2.094801e+00 2.522545e+00
2.000000e+00 0.000000e+00 2.088083e+00 2.526933e+00
2.010000e+00 0.000000e+00 2.081525e+00 2.531304e+00
2.020000e+00 0.000000e+00 2.075130e+00 2.535649e+00
2.030000e+00 0.000000e+00 2.068901e+00 2.539961e+00
2.040000e+00 0.000000e+00 2.062840e+00 2.544229e+00
2.050000e+00 0.000000e+00 2.056951e+00 2.548448e+00
2.060000e+00 0.000000e+00 2.051237e+00 2.552607e+00
2.070000e+00 0.000000e+00 2.045700e+00 2.556700e+00
2.080000e+00 0.000000e+00 2.040344e+00 2.560717e+00
2.090000e+00 0.000000e+00 2.035170e+00 2.564653e+00
2.100000e+00 0.000000e+00 2.030181e+00 2.568498e+00
2.110000e+00 0.000000e+00 2.025380e+00 2.572245e+00
2.120000e+00 0.000000e+00 2.020768e+00 2.575888e+00
2.130000e+00 0.000000e+00 2.016349e+00 2.579419e+00
2.140000e+00 0.000000e+00 2.012124e+00 2.582831e+00
2.150000e+00 0.000000e+00 2.008095e+00 2.586118e+00
2.160000e+00 0.000000e+00 2.004265e+00 2.589274e+00
2.170000e+00 0.000000e+00 2.000635e+00 2.592291e+00
2.180000e+00 0.000000e+00 1.997206e+00 2.595165e+00
2.190000e+00 0.000000e+00 1.993981e+00 2.597890e+00
2.200000e+00 0.000000e+00 1.990961e+00 2.600460e+00
2.210000e+00 0.000000e+00 1.988148e+00 2.602871e+00
2.220000e+00 0.000000e+00 1.985543e+00 2.605118e+00
2.230000e+00 0.000000e+00 1.983146e+00 2.607197e+00
2.240000e+00 0.000000e+00 1.980960e+00 2.609103e+00
2.250000e+00 0.000000e+00 1.978986e+00 2.610833e+00
2.260000e+00 0.000000e+00 1.977223e+00 2.612384e+00
2.270000e+00 0.000000e+00 1.975674e+00 2.613752e+00
2.280000e+00 0.000000e+00 1.974339e+00 2.614935e+00
2.290000e+00 0.000000e+00 1.973219e+00 2.615931e+00
2.300000e+00 0.000000e+00 1.972313e+00 2.616737e+00
2.310000e+00 0.000000e+00 1.971623e+00 2.617353e+00
2.320000e+00 0.000000e+00 1.971149e+00 2.617776e+00
2.330000e+00 0.000000e+00 1.970891e+00 2.618007e+00
2.340000e+00 0.000000e+00 1.970850e+00 2.618044e+00
2.350000e+00 0.000000e+00 1.971024e+00 2.617888e+00
2.360000e+00 0.000000e+00 1.971415e+00 2.617539e+00
2.370000e+00 0.000000e+00 1.972022e+00 2.616997e+00
2.380000e+00 0.000000e+00 1.972844e+00 2.616264e+00
2.390000e+00 0.000000e+00 1.973882e+00 2.615341e+00
2.400000e+00 0.000000e+00 1.975135e+00 2.614230e+00
2.410000e+00 0.000000e+00 1.976602e+00 2.612933e+00
2.420000e+00 0.000000e+00 1.978282e+00 2.611452e+00
2.430000e+00 0.000000e+00 1.980175e+00 2.609791e+00
2.440000e+00 0.000000e+00 1.982279e+00 2.607952e+00
2.450000e+00 0.000000e+00 1.984595e+00 2.605939e+00
2.460000e+00 0.000000e+00 1.987120e+00 2.603757e+00
2.470000e+00 0.000000e+00 1.989853e+00 2.601408e+00
2.480000e+00 0.000000e+00 1.992794e+00 2.598899e+00
2.490000e+00 0.000000e+00 1.995940e+00 2.596233e+00
2.500000e+00 0.000000e+00 1.999290e+00 2.593415e+00
2.510000e+00 0.000000e+00 2.002843e+00 2.590453e+00
2.520000e+00 0.000000e+00 2.006597e+00 2.587350e+00
2.530000e+00 0.000000e+00 2.010549e+00 2.584113e+00
2.540000e+00 0.000000e+00 2.014699e+00 2.580748e+00
2.550000e+00 0.000000e+00 2.019043e+00 2.577262e+00
2.560000e+00 0.000000e+00 2.023581e+00 2.573661e+00
2.570000e+00 0.000000e+00 2.028309e+00 2.569953e+00
2.580000e+00 0.000000e+00 2.033226e+00 2.566145e+00
2.590000e+00 0.000000e+00 2.038329e+00 2.562243e+00
2.600000e+00 0.000000e+00 2.043616e+00 2.558256e+00
2.610000e+00 0.000000e+00 2.049084e+00 2.554192e+00
2.620000e+00 0.000000e+00 2.054730e+00 2.550057e+00
2.630000e+00 0.000000e+00 2.060551e+00 2.545860e+00
2.640000e+00 0.000000e+00 2.066546e+00 2.541610e+00
2.650000e+00 0.000000e+00 2.072711e+00 2.537314e+00
2.660000e+00 0.000000e+00 2.079043e+00 2.532981e+00
2.670000e+00 0.000000e+00 2.085538e+00 2.528619e+00
2.680000e+00 0.000000e+00 2.092195e+00 2.524237e+00
2.690000e+00 0.000000e+00 2.099009e+00 2.519842e+00
2.700000e+00 0.000000e+00 2.105977e+00 2.515445e+00
2.710000e+00 0.000000e+00 2.113096e+00 2.511052e+00
2.720000e+00 0.000000e+00 2.120363e+00 2.506673e+00
2.730000e+00 0.000000e+00 2.127773e+00 2.502315e+00
2.740000e+00 0.000000e+00 2.135325e+00 2.497989e+00
2.750000e+00 0.000000e+00 2.143012e+00 2.493701e+00
2.760000e+00 0.000000e+00 2.150833e+00 2.489460e+00
2.770000e+00 0.000000e+00 2.158783e+00 2.485274e+00
2.780000e+00 0.000000e+00 2.166858e+00 2.481152e+00
2.790000e+00 0.000000e+00 2.175055e+00 2.477101e+00
2.800000e+00 0.000000e+00 2.183370e+00 2.473129e+00
2.810000e+00 0.000000e+00 2.191797e+00 2.469245e+00
2.820000e+00 0.000000e+00 2.200335e+00 2.465454e+00
2.830000e+00 0.000000e+00 2.208977e+00 2.461766e+00
2.840000e+00 0.000000e+00 2.217721e+00 2.458186e+00
2.850000e+00 0.000000e+00 2.226561e+00 2.454722e+00
2.860000e+00 0.000000e+00 2.235495e+00 2.451381e+00
2.870000e+00 0.000000e+00 2.244516e+00 2.448168e+00
2.880000e+00 0.000000e+00 2.253621e+00 2.445091e+00
2.890000e+00 0.000000e+00 2.262806e+00 2.442155e+00
2.900000e+00 0.000000e+00 2.272066e+00 2.439365e+00
2.910000e+00 0.000000e+00 2.281397e+00 2.436728e+00
2.920000e+00 0.000000e+00 2.290793e+00 2.434248e+00
2.930000e+00 0.000000e+00 2.300251e+00 2.431930e+00
2.940000e+00 0.000000e+00 2.309767e+00 2.429779e+00
2.950000e+00 0.000000e+00 2.319334e+00 2.427799e+00
2.960000e+00 0.000000e+00 2.328949e+00 2.425993e+00
2.970000e+00 0.000000e+00 2.338608e+00 2.424365e+00
2.980000e+00 0.000000e+00 2.348304e+00 2.422918e+00
2.990000e+00 0.000000e+00 2.358035e+00 2.421655e+00
3.000000e+00 0.000000e+00 2.367794e+00 2.420579e+00
3.010000e+00 0.000000e+00 2.377578e+00 2.419691e+00
3.020000e+00 0.000000e+00 2.387382e+00 2.418994e+00
3.030000e+00 0.000000e+00 2.397200e+00 2.418488e+00
3.040000e+00 0.000000e+00 2.407028e+00 2.418175e+00
3.050000e+00 0.000000e+00 2.416862e+00 2.418054e+00
3.060000e+00 0.000000e+00 2.426696e+00 2.418128e+00
3.070000e+00 0.000000e+00 2.436526e+00 2.418394e+00
3.080000e+00 0.000000e+00 2.446347e+00 2.418854e+00
3.090000e+00 0.000000e+00 2.456154e+00 2.419505e+00
3.100000e+00 0.000000e+00 2.465943e+00 2.420347e+00
3.110000e+00 0.000000e+00 2.475709e+00 2.421377e+00
3.120000e+00 0.000000e+00 2.485447e+00 2.422595e+00
3.130000e+00 0.000000e+00 2.495152e+00 2.423997e+00
3.140000e+00 0.000000e+00 2.504821e+00 2.425582e+00
3.150000e+00 0.000000e+00 2.514447e+00 2.427345e+00
3.160000e+00 0.000000e+00 2.524026e+00 2.429283e+00
3.170000e+00 0.000000e+00 2.533554e+00 2.431394e+00
3.180000e+00 0.000000e+00 2.543027e+00 2.433671e+00
3.190000e+00 0.000000e+00 2.552439e+00 2.436113e+00
3.200000e+00 0.000000e+00 2.561786e+00 2.438712e+00
3.210000e+00 0.000000e+00 2.571063e+00 2.441465e+00
3.220000e+00 0.000000e+00 2.580267e+00 2.444366e+00
3.230000e+00 0.000000e+00 2.589392e+00 2.447410e+00
3.240000e+00 0.000000e+00 2.598434e+00 2.450590e+00
3.250000e+00 0.000000e+00 2.607389e+00 2.453901e+00
3.260000e+00 0.000000e+00 2.616252e+00 2.457336e+00
3.270000e+00 0.000000e+00 2.625020e+00 2.460888e+00
3.280000e+00 0.000000e+00 2.633687e+00 2.464551e+00
3.290000e+00 0.000000e+00 2.642250e+00 2.468317e+00
3.300000e+00 0.000000e+00 2.650705e+00 2.472180e+00
3.310000e+00 0.000000e+00 2.659047e+00 2.476131e+00
3.320000e+00 0.000000e+00 2.667273e+00 2.480164e+00
3.330000e+00 0.000000e+00 2.675378e+00 2.484269e+00
3.340000e+00 0.000000e+00 2.683359e+00 2.488440e+00
3.350000e+00 0.000000e+00 2.691211e+00 2.492668e+00
3.360000e+00 0.000000e+00 2.698931e+00 2.496946e+00
3.370000e+00 0.000000e+00 2.706516e+00 2.501264e+00
3.380000e+00 0.000000e+00 2.713961e+00 2.505614e+00
3.390000e+00 0.000000e+00 2.721263e+00 2.509989e+00
3.400000e+00 0.000000e+00 2.728418e+00 2.514379e+00
3.410000e+00 0.000000e+00 2.735423e+00 2.518777e+00
3.420000e+00 0.000000e+00 2.742275e+00 2.523173e+00
3.430000e+00 0.000000e+00 2.748970e+00 2.527559e+00
3.440000e+00 0.000000e+00 2.755505e+00 2.531927e+00
3.450000e+00 0.000000e+00 2.761876e+00 2.536268e+00
3.460000e+00 0.000000e+00 2.768082e+00 2.540573e+00
3.470000e+00 0.000000e+00 2.774118e+00 2.544835e+00
3.480000e+00 0.000000e+00 2.779982e+00 2.549046e+00
3.490000e+00 0.000000e+00 2.785671e+00 2.553196e+00
3.500000e+00 0.000000e+00 2.791182e+00 2.557278e+00
3.510000e+00 0.000000e+00 2.796513e+00 2.561285e+00
3.520000e+00 0.000000e+00 2.801660e+00 2.565208e+00
3.530000e+00 0.000000e+00 2.806623e+00 2.569039e+00
3.540000e+00 0.000000e+00 2.811397e+00 2.572772e+00
3.550000e+00 0.000000e+00 2.815981e+00 2.576400e+00
3.560000e+00 0.000000e+00 2.820373e+00 2.579914e+00
3.570000e+00 0.000000e+00 2.824570e+00 2.583309e+00
3.580000e+00 0.000000e+00 2.828570e+00 2.586577e+00
3.590000e+00 0.000000e+00 2.832372e+00 2.589713e+00
3.600000e+00 0.000000e+00 2.835974e+00 2.592711e+00
3.610000e+00 0.000000e+00 2.839373e+00 2.595564e+00
3.620000e+00 0.000000e+00 2.842569e+00 2.598267e+00
3.630000e+00 0.000000e+00 2.845559e+00 2.600815e+00
3.640000e+00 0.000000e+00 2.848343e+00 2.603203e+00
3.650000e+00 0.000000e+00 2.850919e+00 2.605426e+00
3.660000e+00 0.000000e+00 2.853285e+00 2.607480e+00
3.670000e+00 0.000000e+00 2.855441e+00 2.609361e+00
3.680000e+00 0.000000e+00 2.857385e+00 2.611066e+00
3.690000e+00 0.000000e+00 2.859117e+00 2.612591e+00
3.700000e+00 0.000000e+00 2.860636e+00 2.613932e+00
3.710000e+00 0.000000e+00 2.861940e+00 2.615089e+00
3.720000e+00 0.000000e+00 2.863030e+00 2.616058e+00
3.730000e+00 0.000000e+00 2.863905e+00 2.616837e+00
3.740000e+00 0.000000e+00 2.864564e+00 2.617425e+00
3.750000e+00 0.000000e+00 2.865007e+00 2.617821e+00
3.760000e+00 0.000000e+00 2.865234e+00 2.618024e+00
3.770000e+00 0.000000e+00 2.865245e+00 2.618033e+00
3.780000e+00 0.000000e+00 2.865039e+00 2.617850e+00
3.790000e+00 0.000000e+00 2.864618e+00 2.617473e+00
3.800000e+00 0.000000e+00 2.863980e+00 2.616904e+00
3.810000e+00 0.000000e+00 2.863127e+00 2.616144e+00
3.820000e+00 0.000000e+00 2.862058e+00 2.615194e+00
3.830000e+00 0.000000e+00 2.860775e+00 2.614056e+00
3.840000e+00 0.000000e+00 2.859278e+00 2.612732e+00
3.850000e+00 0.000000e+00 2.857567e+00 2.611226e+00
3.860000e+00 0.000000e+00 2.855644e+00 2.609539e+00
3.870000e+00 0.000000e+00 2.853509e+00 2.607675e+00
3.880000e+00 0.000000e+00 2.851163e+00 2.605638e+00
3.890000e+00 0.000000e+00 2.848609e+00 2.603431e+00
3.900000e+00 0.000000e+00 2.845846e+00 2.601059e+00
3.910000e+00 0.000000e+00 2.842876e+00 2.598527e+00
3.920000e+00 0.000000e+00 2.839700e+00 2.595839e+00
3.930000e+00 0.000000e+00 2.836321e+00 2.593001e+00
3.940000e+00 0.000000e+00 2.832739e+00 2.590018e+00
3.950000e+00 0.000000e+00 2.828957e+00 2.586895e+00
3.960000e+00 0.000000e+00 2.824976e+00 2.583640e+00
3.970000e+00 0.000000e+00 2.820799e+00 2.580257e+00
3.980000e+00 0.000000e+00 2.816426e+00 2.576754e+00
3.990000e+00 0.000000e+00 2.811861e+00 2.573138e+00
4.000000e+00 0.000000e+00 2.807106e+00 2.569415e+00
4.010000e+00 0.000000e+00 2.802162e+00 2.565593e+00
4.020000e+00 0.000000e+00 2.797033e+00 2.561679e+00
4.030000e+00 0.000000e+00 2.791720e+00 2.557680e+00
4.040000e+00 0.000000e+00 2.786227e+00 2.553605e+00
4.050000e+00 0.000000e+00 2.780556e+00 2.549461e+00
4.060000e+00 0.000000e+00 2.774709e+00 2.545256e+00
4.070000e+00 0.000000e+00 2.768690e+00 2.540999e+00
4.080000e+00 0.000000e+00 2.762501e+00 2.536697e+00
4.090000e+00 0.000000e+00 2.756146e+00 2.532360e+00
4.100000e+00 0.000000e+00 2.749627e+00 2.527994e+00
4.110000e+00 0.000000e+00 2.742948e+00 2.523610e+00
4.120000e+00 0.000000e+00 2.736111e+00 2.519214e+00
4.130000e+00 0.000000e+00 2.729121e+00 2.514817e+00
4.140000e+00 0.000000e+00 2.721981e+00 2.510425e+00
4.150000e+00 0.000000e+00 2.714693e+00 2.506049e+00
4.160000e+00 0.000000e+00 2.707262e+00 2.501695e+00
4.170000e+00 0.000000e+00 2.699692e+00 2.497373e+00
4.180000e+00 0.000000e+00 2.691985e+00 2.493092e+00
4.190000e+00 0.000000e+00 2.684145e+00 2.488858e+00
4.200000e+00 0.000000e+00 2.676177e+00 2.484681e+00
4.210000e+00 0.000000e+00 2.668084e+00 2.480569e+00
4.220000e+00 0.000000e+00 2.659870e+00 2.476529e+00
4.230000e+00 0.000000e+00 2.651539e+00 2.472569e+00
4.240000e+00 0.000000e+00 2.643096e+00 2.468697e+00
4.250000e+00 0.000000e+00 2.634543e+00 2.464921e+00
4.260000e+00 0.000000e+00 2.625886e+00 2.461248e+00
4.270000e+00 0.000000e+00 2.617128e+00 2.457684e+00
4.280000e+00 0.000000e+00 2.608274e+00 2.454237e+00
4.290000e+00 0.000000e+00 2.599328e+00 2.450914e+00
4.300000e+00 0.000000e+00 2.590294e+00 2.447720e+00
4.310000e+00 0.000000e+00 2.581177e+00 2.444663e+00
4.320000e+00 0.000000e+00 2.571982e+00 2.441747e+00
4.330000e+00 0.000000e+00 2.562711e+00 2.438979e+00
4.340000e+00 0.000000e+00 2.553371e+00 2.436364e+00
4.350000e+00 0.000000e+00 2.543965e+00 2.433907e+00
4.360000e+00 0.000000e+00 2.534499e+00 2.431613e+00
4.370000e+00 0.000000e+00 2.524976e+00 2.429486e+00
4.380000e+00 0.000000e+00 2.515401e+00 2.427530e+00
4.390000e+00 0.000000e+00 2.505780e+00 2.425749e+00
4.400000e+00 0.000000e+00 2.496116e+00 2.424147e+00
4.410000e+00 0.000000e+00 2.486414e+00 2.422726e+00
4.420000e+00 0.000000e+00 2.476679e+00 2.421490e+00
4.430000e+00 0.000000e+00 2.466916e+00 2.420441e+00
4.440000e+00 0.000000e+00 2.457129e+00 2.419580e+00
4.450000e+00 0.000000e+00 2.447323e+00 2.418910e+00
4.460000e+00 0.000000e+00 2.437503e+00 2.418431e+00
4.470000e+00 0.000000e+00 2.427674e+00 2.418146e+00
4.480000e+00 0.000000e+00 2.417840e+00 2.418053e+00
4.490000e+00 0.000000e+00 2.408006e+00 2.418154e+00
4.500000e+00 0.000000e+00 2.398177e+00 2.418448e+00
4.510000e+00 0.000000e+00 2.388357e+00 2.418935e+00
4.520000e+00 0.000000e+00 2.378552e+00 2.419613e+00
4.530000e+00 0.000000e+00 2.368766e+00 2.420482e+00
4.540000e+00 0.000000e+00 2.359004e+00 2.421540e+00
4.550000e+00 0.000000e+00 2.349270e+00 2.422784e+00
4.560000e+00 0.000000e+00 2.339570e+00 2.424213e+00
4.570000e+00 0.000000e+00 2.329908e+00 2.425823e+00
4.580000e+00 0.000000e+00 2.320288e+00 2.427611e+00
4.590000e+00 0.000000e+00 2.310716e+00 2.429574e+00
4.600000e+00 0.000000e+00 2.301195e+00 2.431709e+00
4.610000e+00 0.000000e+00 2.291731e+00 2.434010e+00
4.620000e+00 0.000000e+00 2.282328e+00 2.436474e+00
4.630000e+00 0.000000e+00 2.272991e+00 2.439096e+00
4.640000e+00 0.000000e+00 2.263724e+00 2.441871e+00
4.650000e+00 0.000000e+00 2.254531e+00 2.444793e+00
4.660000e+00 0.000000e+00 2.245418e+00 2.447856e+00
4.670000e+00 0.000000e+00 2.236388e+00 2.451055e+00
4.680000e+00 0.000000e+00 2.227446e+00 2.454384e+00
4.690000e+00 0.000000e+00 2.218596e+00 2.457836e+00
4.700000e+00 0.000000e+00 2.209842e+00 2.461405e+00
4.710000e+00 0.000000e+00 2.201189e+00 2.465083e+00
4.720000e+00 0.000000e+00 2.192641e+00 2.468863e+00
4.730000e+00 0.000000e+00 2.184203e+00 2.472739e+00
4.740000e+00 0.000000e+00 2.175877e+00 2.476702e+00
4.750000e+00 0.000000e+00 2.167668e+00 2.480746e+00
4.760000e+00 0.000000e+00 2.159580e+00 2.484861e+00
4.770000e+00 0.000000e+00 2.151618e+00 2.489041e+00
4.780000e+00 0.000000e+00 2.143784e+00 2.493277e+00
4.790000e+00 0.000000e+00 2.136083e+00 2.497560e+00
4.800000e+00 0.000000e+00 2.128518e+00 2.501884e+00
4.810000e+00 0.000000e+00 2.121093e+00 2.506238e+00
4.820000e+00 0.000000e+00 2.113812e+00 2.510616e+00
4.830000e+00 0.000000e+00 2.106678e+00 2.515007e+00
4.840000e+00 0.000000e+00 2.099695e+00 2.519405e+00
4.850000e+00 0.000000e+00 2.092865e+00 2.523800e+00
4.860000e+00 0.000000e+00 2.086193e+00 2.528184e+00
4.870000e+00 0.000000e+00 2.079681e+00 2.532549e+00
4.880000e+00 0.000000e+00 2.073333e+00 2.536885e+00
4.890000e+00 0.000000e+00 2.067152e+00 2.541185e+00
4.900000e+00 0.000000e+00 2.061140e+00 2.545440e+00
4.910000e+00 0.000000e+00 2.055301e+00 2.549642e+00
4.920000e+00 0.000000e+00 2.049637e+00 2.553783e+00
4.930000e+00 0.000000e+00 2.044151e+00 2.557855e+00
4.940000e+00 0.000000e+00 2.038847e+00 2.561851e+00
4.950000e+00 0.000000e+00 2.033725e+00 2.565761e+00
4.960000e+00 0.000000e+00 2.028790e+00 2.569579e+00
4.970000e+00 0.000000e+00 2.024043e+00 2.573297e+00
4.980000e+00 0.000000e+00 2.019486e+00 2.576909e+00
4.990000e+00 0.000000e+00 2.015122e+00 2.580407e+00
5.000000e+00 0.000000e+00 2.010953e+00 2.583784e+00
